0 0 1.79329
0 1 -0.237151
0 99 -0.342528
0 165 -0.166271
0 167 -0.539333
0 284 -0.28679
1 0 -0.237151
1 1 1.9793
1 2 -0.485926
1 167 -0.943426
1 288 -0.119947
2 1 -0.485926
2 2 1.86423
2 3 -0.233554
2 264 -0.594525
2 288 -0.354046
3 2 -0.233554
3 3 1.89539
3 4 -0.443752
3 173 0.164559
3 264 -0.734556
3 290 -0.462054
4 3 -0.443752
4 4 2.39643
4 5 -0.115611
4 173 -1.76468
5 4 -0.115611
5 5 1.84624
5 6 -0.230031
5 173 -0.448159
5 271 -0.917708
6 5 -0.230031
6 6 1.79092
6 7 -0.307475
6 174 -0.597829
6 271 -0.481463
7 6 -0.307475
7 7 1.7905
7 8 -0.202112
7 174 -0.472596
7 266 -0.638919
8 7 -0.202112
8 8 1.81009
8 9 -0.21578
8 261 -0.439685
8 266 -0.799734
9 8 -0.21578
9 9 2.16218
9 10 -0.562595
9 261 -1.28606
10 9 -0.562595
10 10 1.95195
10 11 -0.199563
10 160 -0.675214
10 261 0.0771346
10 265 -0.350536
11 10 -0.199563
11 11 1.79396
11 12 -0.276116
11 160 -0.706714
11 211 -0.46156
12 11 -0.276116
12 12 1.78583
12 13 -0.326321
12 210 -0.473323
12 211 -0.53007
13 12 -0.326321
13 13 1.90975
13 14 -0.473668
13 210 -0.689191
13 260 -0.200421
14 13 -0.473668
14 14 2.04533
14 15 -0.603443
14 260 -0.820286
15 14 -0.603443
15 15 2.14997
15 16 -0.647683
15 154 -0.43188
15 158 0.0222703
15 260 -0.11891
16 15 -0.647683
16 16 2.12655
16 17 -0.286554
16 158 -1.07707
17 16 -0.286554
17 17 1.79334
17 18 -0.244589
17 152 -0.61904
17 158 -0.467089
18 17 -0.244589
18 18 1.79159
18 19 -0.149531
18 148 -0.701969
18 152 -0.552814
19 18 -0.149531
19 19 1.85961
19 20 -0.392178
19 148 -0.808112
19 153 -0.339652
20 19 -0.392178
20 20 1.87634
20 21 -0.41904
20 153 -0.550692
20 206 -0.289149
21 20 -0.41904
21 21 2.02347
21 22 -0.552386
21 206 -0.918315
22 21 -0.552386
22 22 2.04003
22 23 -0.498238
22 150 -0.652431
22 206 -0.0132588
22 242 -0.0232012
23 22 -0.498238
23 23 2.03668
23 24 -0.33694
23 242 -1.08689
24 23 -0.33694
24 24 1.83588
24 25 -0.37028
24 133 -0.61665
24 242 -0.312876
25 24 -0.37028
25 25 1.89557
25 26 0.0813896
25 133 -0.3052
25 141 -0.85492
25 199 -0.264868
26 25 0.0813896
26 26 2.12124
26 27 -0.224228
26 141 -1.24289
26 237 -0.641348
27 26 -0.224228
27 27 1.83835
27 28 -0.415046
27 122 -0.340244
27 125 -0.136275
27 237 -0.475069
28 27 -0.415046
28 28 2.08749
28 29 -0.285594
28 125 -1.28908
29 28 -0.285594
29 29 1.83922
29 30 -0.40444
29 120 -0.654498
29 125 -0.307379
30 29 -0.40444
30 30 1.81396
30 31 -0.291526
30 120 -0.319738
30 161 -0.261154
30 223 -0.286514
31 30 -0.291526
31 31 2.14028
31 32 -0.343661
31 132 0.0176702
31 161 -1.38421
32 31 -0.343661
32 32 2.10848
32 33 -0.308296
32 132 -1.36378
33 32 -0.308296
33 33 1.79794
33 34 -0.119769
33 115 -0.282548
33 132 -0.257311
33 226 -0.633471
34 33 -0.119769
34 34 2.8659
34 35 -0.242337
34 115 -2.45109
35 34 -0.242337
35 35 1.78053
35 36 -0.296978
35 115 -0.129949
35 116 -0.599265
35 222 -0.31211
36 35 -0.296978
36 36 1.78865
36 37 -0.316246
36 116 -0.536108
36 298 -0.455549
37 36 -0.316246
37 37 1.78359
37 38 -0.225277
37 113 -0.503167
37 298 -0.567554
38 37 -0.225277
38 38 1.82785
38 39 -0.063691
38 113 -0.653746
38 218 -0.758482
39 38 -0.063691
39 39 1.84029
39 40 -0.24824
39 110 -0.538496
39 218 -0.856487
40 39 -0.24824
40 40 1.84016
40 41 -0.127404
40 110 -0.42254
40 157 -0.899007
41 40 -0.127404
41 41 1.83004
41 42 -0.360272
41 111 -0.428547
41 157 -0.749486
42 41 -0.360272
42 42 2.21272
42 43 -0.0601249
42 111 -0.148559
42 207 -1.50818
43 42 -0.0601249
43 43 1.81976
43 44 -0.331177
43 204 -0.454179
43 207 -0.676609
43 387 -0.100207
44 43 -0.331177
44 44 1.78361
44 45 -0.248325
44 204 -0.492729
44 385 -0.53903
45 44 -0.248325
45 45 1.82957
45 46 -0.157665
45 103 -0.842291
45 385 -0.444618
46 45 -0.157665
46 46 1.77029
46 47 -0.266567
46 103 -0.621554
46 268 -0.387914
46 621 -0.138601
47 46 -0.266567
47 47 1.85036
47 48 -0.316771
47 268 -0.849952
47 312 -0.254131
48 47 -0.316771
48 48 2.00376
48 49 -0.510499
48 274 -0.0650955
48 312 -0.901503
49 48 -0.510499
49 49 1.9083
49 50 -0.0621298
49 100 -0.443573
49 274 -0.742218
50 49 -0.0621298
50 50 2.94728
50 51 -0.303554
50 100 -2.53054
51 50 -0.303554
51 51 1.89099
51 52 -0.170803
51 100 0.0293949
51 179 -0.974093
51 187 -0.311147
52 51 -0.170803
52 52 1.8664
52 53 -0.457604
52 179 -0.549413
52 184 -0.071637
52 299 -0.386084
53 52 -0.457604
53 53 2.04328
53 54 -0.325052
53 184 -1.15201
54 53 -0.325052
54 54 1.85005
54 55 -0.275217
54 101 -0.78855
54 184 -0.28162
55 54 -0.275217
55 55 1.78198
55 56 -0.291882
55 101 -0.447047
55 484 -0.59584
56 55 -0.291882
56 56 1.82499
56 57 -0.40757
56 192 -0.362724
56 484 -0.56398
57 56 -0.40757
57 57 1.81874
57 58 -0.267734
57 192 -0.453404
57 224 -0.493524
58 57 -0.267734
58 58 1.82626
58 59 -0.0748174
58 172 -0.744571
58 224 -0.608298
59 58 -0.0748174
59 59 1.82709
59 60 -0.244641
59 172 -0.794722
59 196 -0.581463
60 59 -0.244641
60 60 1.80369
60 61 -0.344284
60 196 -0.584009
60 289 -0.444833
61 60 -0.344284
61 61 1.86727
61 62 -0.0659686
61 104 -0.878192
61 289 -0.428706
62 61 -0.0659686
62 62 1.87455
62 63 -0.157932
62 104 -0.692308
62 105 -0.847586
63 62 -0.157932
63 63 1.97041
63 64 -0.602902
63 102 -0.334722
63 105 -0.678589
64 63 -0.602902
64 64 1.97326
64 65 -0.255523
64 102 -0.139709
64 108 -0.353495
64 191 -0.325601
65 64 -0.255523
65 65 2.08031
65 66 -0.138294
65 108 -1.38879
65 159 -0.186748
66 65 -0.138294
66 66 2.43988
66 67 -0.357055
66 159 -1.87624
67 66 -0.357055
67 67 1.85252
67 68 -0.158304
67 106 -0.732626
67 159 -0.125274
67 302 -0.265476
68 67 -0.158304
68 68 1.80223
68 69 -0.198675
68 106 -0.743124
68 262 -0.568661
69 68 -0.198675
69 69 1.85127
69 70 -0.188641
69 163 -0.928782
69 262 -0.403855
70 69 -0.188641
70 70 1.76901
70 71 -0.375907
70 163 -0.388492
70 277 -0.235145
70 531 -0.373378
71 70 -0.375907
71 71 1.92674
71 72 -0.46734
71 151 -0.133717
71 277 -0.734595
72 71 -0.46734
72 72 1.8788
72 73 -0.276732
72 112 -0.252626
72 151 -0.699489
73 72 -0.276732
73 73 2.19681
73 74 -0.302216
73 112 -1.53497
74 73 -0.302216
74 74 1.78127
74 75 -0.189838
74 112 -0.239883
74 143 -0.363174
74 180 -0.466105
75 74 -0.189838
75 75 1.96744
75 76 -0.222501
75 180 -1.19112
75 318 -0.231745
76 75 -0.222501
76 76 2.15964
76 77 -0.441564
76 318 -1.40553
77 76 -0.441564
77 77 1.87085
77 78 -0.263957
77 219 -0.65836
77 230 -0.270527
77 318 -0.00601901
78 77 -0.263957
78 78 2.15569
78 79 -0.35344
78 230 -1.45085
79 78 -0.35344
79 79 1.84387
79 80 -0.314677
79 121 -0.433229
79 124 -0.281862
79 230 -0.207099
80 79 -0.314677
80 80 2.21287
80 81 -0.256542
80 124 -1.56004
81 80 -0.256542
81 81 1.9149
81 82 -0.329255
81 123 -1.00772
81 124 -0.172215
82 81 -0.329255
82 82 1.76804
82 83 -0.217977
82 123 -0.143419
82 229 -0.381868
82 656 -0.493741
83 82 -0.217977
83 83 1.80663
83 84 -0.325677
83 320 -0.392663
83 656 -0.710375
84 83 -0.325677
84 84 1.85061
84 85 -0.43003
84 221 -0.306387
84 320 -0.577261
85 84 -0.43003
85 85 1.8226
85 86 -0.253394
85 131 -0.479847
85 221 -0.467326
86 85 -0.253394
86 86 1.81909
86 87 -0.0839051
86 131 -0.653018
86 248 -0.699268
87 86 -0.0839051
87 87 1.83632
87 88 -0.276912
87 186 -0.493835
87 248 -0.842584
88 87 -0.276912
88 88 1.78738
88 89 -0.208547
88 146 -0.668763
88 186 -0.46854
89 88 -0.208547
89 89 1.82225
89 90 -0.127096
89 146 -0.518418
89 301 -0.835527
90 89 -0.127096
90 90 1.84904
90 91 -0.416621
90 188 -0.415144
90 301 -0.722987
91 90 -0.416621
91 91 1.92524
91 92 -0.231179
91 188 -0.169298
91 389 -0.928943
92 91 -0.231179
92 92 1.72378
92 93 -0.211013
92 138 -0.423396
92 208 -0.243701
92 389 -0.426419
93 92 -0.211013
93 93 1.81167
93 94 -0.259739
93 138 -0.788405
93 256 -0.406278
94 93 -0.259739
94 94 1.77877
94 95 -0.284876
94 156 -0.475921
94 256 -0.587792
95 94 -0.284876
95 95 1.88619
95 96 -0.396712
95 156 -0.777784
95 241 -0.230721
96 95 -0.396712
96 96 2.0102
96 97 -0.470926
96 241 -1.0211
97 96 -0.470926
97 97 1.9794
97 98 -0.363456
97 241 -0.0552984
97 421 -0.888866
98 97 -0.363456
98 98 1.79678
98 99 -0.31187
98 162 -0.471937
98 165 -0.171822
98 421 -0.244498
99 0 -0.342528
99 98 -0.31187
99 99 2.10572
99 165 -1.35822
100 49 -0.443573
100 50 -2.53054
100 51 0.0293949
100 100 5.17257
100 187 -1.38548
100 274 -0.638344
101 54 -0.78855
101 55 -0.447047
101 101 3.71327
101 184 -0.34642
101 466 -0.639357
101 484 -0.545173
101 698 -0.594672
102 63 -0.334722
102 64 -0.139709
102 102 3.78525
102 105 -0.731393
102 145 -0.371511
102 191 -0.626011
102 200 -0.282171
102 201 -0.375115
102 374 -0.270498
103 45 -0.842291
103 46 -0.621554
103 103 3.80575
103 360 -0.523417
103 385 -0.73626
103 621 -0.872637
104 61 -0.878192
104 62 -0.692308
104 104 3.81986
104 105 -0.660421
104 200 -0.841432
104 289 -0.549541
105 62 -0.847586
105 63 -0.678589
105 102 -0.731393
105 104 -0.660421
105 105 3.8825
105 200 -0.736422
106 67 -0.732626
106 68 -0.743124
106 106 3.79123
106 262 -0.628753
106 302 -0.656582
106 340 -0.801745
107 107 4.04149
107 383 -0.764472
107 463 -0.89666
107 469 -0.499354
107 472 -0.371649
107 562 -1.22573
108 64 -0.353495
108 65 -1.38879
108 108 4.14455
108 159 -0.516546
108 190 -0.577953
108 191 -1.08773
109 109 3.77414
109 111 -0.316017
109 155 -0.5486
109 216 -0.770082
109 247 -0.569098
109 334 -0.715826
109 428 -0.427437
110 39 -0.538496
110 40 -0.42254
110 110 3.59643
110 157 -0.447183
110 216 -0.404942
110 218 -0.521481
110 227 -0.219234
110 401 -0.725466
111 41 -0.428547
111 42 -0.148559
111 109 -0.316017
111 111 3.66703
111 157 -0.570226
111 207 -0.66381
111 216 -0.267471
111 334 -0.496558
111 387 -0.311686
112 72 -0.252626
112 73 -1.53497
112 74 -0.239883
112 112 4.21159
112 143 -0.426674
112 151 -0.417491
112 459 -1.00775
113 37 -0.503167
113 38 -0.653746
113 113 3.6783
113 218 -0.548696
113 227 -0.55478
113 239 -0.504914
113 298 -0.595819
114 114 3.729
114 336 -0.493334
114 430 -0.348855
114 460 -0.145728
114 490 -0.35229
114 511 -0.480345
114 587 -0.18661
114 599 -0.635501
114 782 -0.57239
115 33 -0.282548
115 34 -2.45109
115 35 -0.129949
115 115 4.97154
115 222 -1.13659
115 226 -0.775137
116 35 -0.599265
116 36 -0.536108
116 116 3.70386
116 222 -0.462171
116 298 -0.621826
116 308 -0.742526
116 589 -0.394231
117 117 3.64007
117 491 -0.416504
117 492 -0.47518
117 557 -0.429125
117 649 -0.389379
117 670 -0.653211
117 685 -0.456496
117 701 -0.361972
118 118 3.71193
118 181 -0.681127
118 361 -0.368657
118 416 -0.62184
118 450 -0.311331
118 710 -0.777046
118 905 -0.680917
119 119 4.08124
119 364 -0.902607
119 487 -0.999483
119 586 -1.06949
119 651 -0.976322
120 29 -0.654498
120 30 -0.319738
120 120 3.7668
120 125 -0.62288
120 223 -0.724122
120 235 -0.425423
120 528 -0.57108
121 79 -0.433229
121 121 3.65178
121 124 -0.442793
121 128 -0.398631
121 230 -0.527212
121 321 -0.331625
121 417 -0.450151
121 485 -0.583851
122 27 -0.340244
122 122 3.79248
122 125 -0.767846
122 126 -0.627786
122 235 -0.429477
122 237 -0.658404
122 324 -0.516468
123 81 -1.00772
123 82 -0.143419
123 123 3.88355
123 124 -0.518679
123 127 -0.571072
123 128 -0.368409
123 229 -0.952189
124 79 -0.281862
124 80 -1.56004
124 81 -0.172215
124 121 -0.442793
124 123 -0.518679
124 124 4.17897
124 128 -0.852885
125 27 -0.136275
125 28 -1.28908
125 29 -0.307379
125 120 -0.62288
125 122 -0.767846
125 125 4.03524
125 235 -0.488082
126 122 -0.627786
126 126 3.69921
126 199 -0.513097
126 237 -0.589626
126 275 -0.477265
126 324 -0.388426
126 380 -0.812886
127 123 -0.571072
127 127 3.70823
127 128 -0.544546
127 228 -0.468472
127 229 -0.710453
127 403 -0.382912
127 408 -0.693352
128 121 -0.398631
128 123 -0.368409
128 124 -0.852885
128 127 -0.544546
128 128 3.72962
128 228 -0.673904
128 485 -0.526375
129 129 3.75037
129 270 -0.634831
129 370 -0.360246
129 406 -0.747648
129 467 -0.663688
129 632 -0.359789
129 757 -0.698592
130 130 3.72123
130 132 -0.551008
130 183 -0.32785
130 220 -0.441124
130 226 -0.754098
130 281 -0.59477
130 350 -0.67636
131 85 -0.479847
131 86 -0.653018
131 131 3.70296
131 221 -0.531698
131 248 -0.618923
131 306 -0.799323
131 429 -0.335049
132 31 0.0176702
132 32 -1.36378
132 33 -0.257311
132 130 -0.551008
132 132 3.9894
132 161 -0.50668
132 220 -0.604279
132 226 -0.334491
133 24 -0.61665
133 25 -0.3052
133 133 3.68937
133 199 -0.652867
133 242 -0.290144
133 275 -0.330769
133 412 -0.607108
133 666 -0.52289
134 134 3.81259
134 267 -0.617592
134 344 -0.894612
134 448 -0.739002
134 521 -0.566755
134 817 -0.745723
135 135 3.70649
135 707 -0.471052
135 882 -0.697305
135 887 -0.378606
135 901 -0.740801
135 920 -0.453734
135 1022 -0.747329
136 136 3.83069
136 278 -0.408198
136 313 -0.465573
136 341 -0.390807
136 426 -0.99823
136 461 -0.491325
136 546 -0.802042
137 137 3.68366
137 138 -0.339922
137 208 -0.534257
137 256 -0.298936
137 388 -0.617878
137 398 -0.62068
137 442 -0.212306
137 475 -0.355109
137 519 -0.190513
138 92 -0.423396
138 93 -0.788405
138 137 -0.339922
138 138 4.06411
138 208 -1.35391
138 256 -0.928297
139 139 3.74294
139 153 -0.210333
139 182 -0.300762
139 252 -0.76034
139 323 -0.315154
139 338 -0.316426
139 362 -0.648689
139 572 -0.508001
139 721 -0.252894
140 140 3.81873
140 407 -0.845503
140 428 -0.509632
140 494 -0.570664
140 600 -0.756005
140 682 -0.901279
141 25 -0.85492
141 26 -1.24289
141 141 4.19078
141 199 -1.18975
141 237 -0.803843
142 142 3.70076
142 197 -0.239817
142 294 -0.590994
142 306 -0.683585
142 331 -0.564605
142 429 -0.408005
142 510 -0.620138
142 626 -0.218074
143 74 -0.363174
143 112 -0.426674
143 143 3.66437
143 149 -0.277066
143 180 -0.764809
143 181 -0.418537
143 305 -0.588302
143 459 -0.448366
144 144 3.73871
144 431 -0.443095
144 499 -0.562199
144 543 -0.542231
144 731 -0.858927
144 898 -0.67435
144 959 -0.35081
145 102 -0.371511
145 145 3.88657
145 164 -0.508927
145 191 -0.579614
145 283 -0.294282
145 369 -0.789107
145 374 -0.918473
146 88 -0.668763
146 89 -0.518418
146 146 3.65032
146 186 -0.405843
146 244 -0.705289
146 301 -0.524414
146 627 -0.544015
147 147 3.73965
147 185 -0.699527
147 300 -0.672259
147 350 -0.652635
147 474 -0.593795
147 489 -0.451126
147 505 -0.296325
148 18 -0.701969
148 19 -0.808112
148 148 3.7883
148 152 -0.686032
148 153 -0.629718
148 182 -0.704143
149 143 -0.277066
149 149 3.71647
149 180 -0.893809
149 181 -0.70344
149 318 -0.426918
149 373 -0.583406
149 416 -0.549388
150 22 -0.652431
150 150 3.8566
150 206 -0.682343
150 242 -0.773351
150 310 -0.758764
150 478 -0.603178
151 71 -0.133717
151 72 -0.699489
151 112 -0.417491
151 151 3.73945
151 277 -0.57577
151 455 -0.638354
151 459 -0.561234
151 695 -0.231934
152 17 -0.61904
152 18 -0.552814
152 148 -0.686032
152 152 3.80576
152 158 -0.298309
152 182 -0.29091
152 280 -1.03797
153 19 -0.339652
153 20 -0.550692
153 139 -0.210333
153 148 -0.629718
153 153 3.97988
153 182 -0.434641
153 206 -0.127753
153 252 -1.24141
154 15 -0.43188
154 154 3.85579
154 158 -0.71515
154 260 -0.508525
154 349 -0.552618
154 436 -0.302601
154 443 -0.803582
155 109 -0.5486
155 155 3.71928
155 216 -0.452277
155 401 -0.83396
155 407 -0.61025
155 428 -0.513967
155 439 -0.42932
156 94 -0.475921
156 95 -0.777784
156 156 3.76117
156 215 -0.677363
156 241 -0.313304
156 256 -0.467081
156 398 -0.692702
157 40 -0.899007
157 41 -0.749486
157 110 -0.447183
157 111 -0.570226
157 157 3.86326
157 216 -0.949651
158 15 0.0222703
158 16 -1.07707
158 17 -0.467089
158 152 -0.298309
158 154 -0.71515
158 158 3.94062
158 280 -0.500819
158 349 -0.425684
159 65 -0.186748
159 66 -1.87624
159 67 -0.125274
159 108 -0.516546
159 159 4.36934
159 190 -0.759009
159 302 -0.624222
160 10 -0.675214
160 11 -0.706714
160 160 3.79673
160 211 -0.793232
160 265 -0.811512
160 441 -0.560049
161 30 -0.261154
161 31 -1.38421
161 132 -0.50668
161 161 4.15317
161 220 -0.709964
161 223 -1.04908
162 98 -0.471937
162 162 3.86124
162 165 -0.90317
162 166 -0.6588
162 421 -0.931407
162 456 -0.602038
163 69 -0.928782
163 70 -0.388492
163 163 4.04515
163 232 -0.363347
163 262 -0.824757
163 531 -1.33122
164 145 -0.508927
164 164 3.77558
164 257 -0.551617
164 283 -0.443432
164 348 -0.365029
164 352 -0.83153
164 369 -0.73393
165 0 -0.166271
165 98 -0.171822
165 99 -1.35822
165 162 -0.90317
165 165 4.1151
165 166 -0.356647
165 284 -0.818362
166 162 -0.6588
166 165 -0.356647
166 166 3.63211
166 169 -0.485601
166 263 -0.649093
166 267 -0.329311
166 284 -0.469157
166 456 -0.282773
167 0 -0.539333
167 1 -0.943426
167 167 3.95972
167 284 -0.790795
167 288 -0.501392
167 354 -0.941778
168 168 3.7544
168 346 -0.271473
168 444 -0.45532
168 497 -0.554595
168 498 -0.861776
168 613 -0.462035
168 688 -0.798836
169 166 -0.485601
169 169 3.67907
169 267 -0.699675
169 284 -0.514349
169 354 -0.73539
169 448 -0.455472
169 465 -0.480752
170 170 3.80924
170 205 -0.71099
170 296 -0.746243
170 595 -0.619371
170 615 -0.59036
170 639 -0.889984
171 171 3.89825
171 177 -0.218832
171 264 -0.539948
171 269 -0.269062
171 286 -0.967697
171 288 -0.0904532
171 290 -0.825456
171 449 -0.525052
172 58 -0.744571
172 59 -0.794722
172 172 3.75468
172 196 -0.58049
172 224 -0.637344
172 375 -0.801781
173 3 0.164559
173 4 -1.76468
173 5 -0.448159
173 173 4.43931
173 177 -0.59908
173 271 -0.381645
173 290 -1.12548
174 6 -0.597829
174 7 -0.472596
174 174 3.61681
174 266 -0.282758
174 271 -0.302005
174 272 -0.532522
174 440 -0.610438
174 688 -0.448645
175 175 3.67565
175 297 -0.770011
175 299 -0.322898
175 367 -0.279554
175 473 -0.482976
175 480 -0.408086
175 617 -0.541755
175 625 -0.428145
176 176 3.74502
176 476 -0.650312
176 630 -0.514157
176 658 -0.554267
176 659 -0.630541
176 843 -0.685261
176 974 -0.393981
177 171 -0.218832
177 173 -0.59908
177 177 3.75231
177 271 -0.440438
177 272 -0.524718
177 290 -0.432159
177 346 -0.175465
177 449 -0.951247
178 178 3.78309
178 295 -0.549659
178 296 -0.465673
178 357 -0.897705
178 359 -0.479216
178 368 -0.834916
178 447 -0.247852
179 51 -0.974093
179 52 -0.549413
179 179 3.87206
179 187 -0.496194
179 297 -0.767174
179 299 -0.885003
180 74 -0.466105
180 75 -1.19112
180 143 -0.764809
180 149 -0.893809
180 180 3.96132
180 318 -0.40439
181 118 -0.681127
181 143 -0.418537
181 149 -0.70344
181 181 3.68261
181 305 -0.730032
181 361 -0.431015
181 416 -0.417578
182 139 -0.300762
182 148 -0.704143
182 152 -0.29091
182 153 -0.434641
182 182 3.67777
182 254 -0.388657
182 280 -0.460394
182 362 -0.678644
183 130 -0.32785
183 183 3.66123
183 222 -0.450484
183 226 -0.56514
183 308 -0.389364
183 328 -0.612879
183 350 -0.542082
183 489 -0.329571
184 52 -0.071637
184 53 -1.15201
184 54 -0.28162
184 101 -0.34642
184 184 3.88007
184 299 -0.56218
184 480 -0.461496
184 698 -0.541293
185 147 -0.699527
185 185 3.79595
185 281 -0.874184
185 350 -0.618263
185 404 -0.56349
185 505 -0.791601
186 87 -0.493835
186 88 -0.46854
186 146 -0.405843
186 186 3.58337
186 244 -0.403042
186 248 -0.510321
186 331 -0.662224
186 429 -0.306302
187 51 -0.311147
187 100 -1.38548
187 179 -0.496194
187 187 4.09388
187 274 -0.116618
187 297 -0.74131
187 367 -0.763434
188 90 -0.415144
188 91 -0.169298
188 188 3.67675
188 301 -0.611938
188 358 -0.510548
188 389 -0.721193
188 504 -0.446213
188 519 -0.197361
188 627 -0.170639
189 189 3.85182
189 274 -0.621705
189 312 -0.864258
189 447 -0.532932
189 508 -0.653987
189 624 -0.876332
190 108 -0.577953
190 159 -0.759009
190 190 3.72463
190 191 -0.366729
190 257 -0.547455
190 302 -0.363654
190 369 -0.822574
191 64 -0.325601
191 102 -0.626011
191 108 -1.08773
191 145 -0.579614
191 190 -0.366729
191 191 3.9314
191 369 -0.561412
192 56 -0.362724
192 57 -0.453404
192 192 3.72455
192 224 -0.504732
192 270 -0.536514
192 363 -0.787436
192 370 -0.172479
192 484 -0.444153
193 193 3.6649
193 471 -0.503796
193 509 -0.485077
193 629 -0.643528
193 713 -0.611114
193 737 -0.631448
193 844 -0.485394
194 194 3.67972
194 321 -0.685393
194 326 -0.584687
194 410 -0.586187
194 451 -0.656303
194 485 -0.433009
194 568 -0.423575
195 195 3.71663
195 200 -0.575549
195 201 -0.447676
195 289 -0.643661
195 376 -0.482246
195 512 -0.485133
195 631 -0.717084
196 59 -0.581463
196 60 -0.584009
196 172 -0.58049
196 196 3.70201
196 289 -0.529672
196 375 -0.501392
196 512 -0.577601
197 142 -0.239817
197 197 3.7145
197 221 -0.125381
197 293 -0.565136
197 306 -0.756143
197 470 -0.480641
197 510 -0.288792
197 563 -0.277855
197 699 -0.452822
198 198 3.62813
198 307 -0.545364
198 569 -0.282642
198 570 -0.613897
198 652 -0.324698
198 773 -0.316983
198 811 -0.45659
198 842 -0.474854
198 985 -0.177586
199 25 -0.264868
199 126 -0.513097
199 133 -0.652867
199 141 -1.18975
199 199 3.91052
199 237 -0.390385
199 275 -0.658449
200 102 -0.282171
200 104 -0.841432
200 105 -0.736422
200 195 -0.575549
200 200 3.87593
200 201 -0.795794
200 289 -0.307547
201 102 -0.375115
201 195 -0.447676
201 200 -0.795794
201 201 3.77743
201 374 -0.733419
201 381 -0.430243
201 631 -0.631974
202 202 3.78815
202 315 -0.696688
202 328 -0.898298
202 337 -0.383002
202 438 -0.753429
202 489 -0.307135
202 589 -0.383756
203 203 3.70726
203 558 -0.310137
203 697 -0.551564
203 716 -0.706326
203 735 -0.528515
203 768 -0.529369
203 776 -0.809607
204 43 -0.454179
204 44 -0.492729
204 204 3.69635
204 205 -0.56883
204 385 -0.642207
204 387 -0.810442
204 595 -0.379093
205 170 -0.71099
205 204 -0.56883
205 205 3.68369
205 296 -0.352632
205 360 -0.737006
205 385 -0.50573
205 595 -0.496078
206 20 -0.289149
206 21 -0.918315
206 22 -0.0132588
206 150 -0.682343
206 153 -0.127753
206 206 3.98497
206 252 -0.775703
206 310 -0.16179
206 323 -0.502412
207 42 -1.50818
207 43 -0.676609
207 111 -0.66381
207 207 4.40102
207 387 -1.4063
208 92 -0.243701
208 137 -0.534257
208 138 -1.35391
208 208 4.14361
208 389 -1.094
208 519 -0.679421
209 209 3.71984
209 675 -0.611231
209 780 -0.220458
209 883 -0.605428
209 896 -0.858903
209 948 -0.438891
209 954 -0.360919
209 975 -0.275926
210 12 -0.473323
210 13 -0.689191
210 210 3.72285
210 211 -0.566134
210 260 -0.42724
210 278 -0.697864
210 313 -0.482872
211 11 -0.46156
211 12 -0.53007
211 160 -0.793232
211 210 -0.566134
211 211 3.68182
211 313 -0.637666
211 441 -0.374206
212 212 3.8575
212 419 -0.537523
212 469 -0.56695
212 522 -0.792035
212 636 -0.791885
212 657 -0.877212
213 213 3.68293
213 516 -0.412192
213 684 -0.618403
213 702 -0.778097
213 840 -0.549307
213 847 -0.427063
213 890 -0.626891
214 214 3.58089
214 742 -0.26008
214 775 -0.480945
214 777 -0.340158
214 841 -0.368577
214 891 -0.17692
214 921 -0.576309
214 964 -0.477011
214 1013 -0.458529
215 156 -0.677363
215 215 3.79632
215 241 -0.318011
215 259 -0.550473
215 398 -0.697331
215 442 -0.385026
215 457 -0.841202
216 109 -0.770082
216 110 -0.404942
216 111 -0.267471
216 155 -0.452277
216 157 -0.949651
216 216 3.80578
216 401 -0.641352
217 217 3.6474
217 477 -0.332968
217 580 -0.543362
217 644 -0.217661
217 700 -0.399369
217 718 -0.292508
217 722 -0.482814
217 729 -0.355165
217 970 -0.491963
218 38 -0.758482
218 39 -0.856487
218 110 -0.521481
218 113 -0.548696
218 218 3.79826
218 227 -0.914436
219 77 -0.65836
219 219 3.73792
219 230 -0.44078
219 236 -0.417882
219 318 -0.430183
219 373 -0.746537
219 417 -0.709924
220 130 -0.441124
220 132 -0.604279
220 161 -0.709964
220 220 3.69105
220 223 -0.312329
220 281 -0.557268
220 402 -0.779876
221 84 -0.306387
221 85 -0.467326
221 131 -0.531698
221 197 -0.125381
221 221 3.74953
221 293 -0.725379
221 306 -0.617488
221 320 -0.493571
222 35 -0.31211
222 115 -1.13659
222 116 -0.462171
222 183 -0.450484
222 222 3.90414
222 226 -0.339586
222 308 -0.891823
223 30 -0.286514
223 120 -0.724122
223 161 -1.04908
223 220 -0.312329
223 223 3.84521
223 402 -0.639204
223 528 -0.503958
224 57 -0.493524
224 58 -0.608298
224 172 -0.637344
224 192 -0.504732
224 224 3.68772
224 270 -0.675512
224 375 -0.453068
225 225 3.77626
225 488 -0.583125
225 560 -0.244581
225 704 -0.667037
225 712 -0.496823
225 744 -0.203167
225 835 -0.30965
225 839 -0.81935
226 33 -0.633471
226 115 -0.775137
226 130 -0.754098
226 132 -0.334491
226 183 -0.56514
226 222 -0.339586
226 226 3.76639
227 110 -0.219234
227 113 -0.55478
227 218 -0.914436
227 227 3.78789
227 239 -0.417963
227 401 -0.735086
227 439 -0.661318
228 127 -0.468472
228 128 -0.673904
228 228 3.66252
228 231 -0.452811
228 408 -0.637217
228 410 -0.660854
228 485 -0.462485
229 82 -0.381868
229 123 -0.952189
229 127 -0.710453
229 229 4.00981
229 403 -0.500446
229 656 -1.22416
230 77 -0.270527
230 78 -1.45085
230 79 -0.207099
230 121 -0.527212
230 219 -0.44078
230 230 4.13547
230 417 -0.900896
231 228 -0.452811
231 231 3.63991
231 304 -0.334035
231 408 -0.399303
231 410 -0.715387
231 451 -0.269682
231 476 -0.719843
231 658 -0.426914
232 163 -0.363347
232 232 3.53706
232 262 -0.431127
232 340 -0.316786
232 411 -0.457577
232 453 -0.39209
232 486 -0.296152
232 531 -0.447955
232 661 -0.465171
233 233 3.69354
233 415 -0.344697
233 524 -0.606027
233 534 -0.693781
233 585 -0.495579
233 749 -0.49898
233 871 -0.724081
234 234 3.67006
234 324 -0.250979
234 325 -0.62508
234 380 -0.758841
234 414 -0.327216
234 452 -0.658858
234 533 -0.470613
234 552 -0.221517
235 120 -0.425423
235 122 -0.429477
235 125 -0.488082
235 235 3.70195
235 324 -0.34519
235 364 -0.303378
235 528 -0.482466
235 586 -0.629572
236 219 -0.417882
236 236 3.61092
236 321 -0.309733
236 326 -0.540023
236 373 -0.618358
236 416 -0.274603
236 417 -0.548514
236 450 -0.521099
237 26 -0.641348
237 27 -0.475069
237 122 -0.658404
237 126 -0.589626
237 141 -0.803843
237 199 -0.390385
237 237 3.8088
238 238 3.61933
238 503 -0.373092
238 582 -0.492633
238 596 -0.593815
238 669 -0.385487
238 760 -0.640761
238 825 -0.347908
238 1008 -0.411311
239 113 -0.504914
239 227 -0.417963
239 239 3.64216
239 255 -0.44044
239 298 -0.500338
239 438 -0.628263
239 439 -0.418034
239 589 -0.276774
240 240 3.66743
240 329 -0.631006
240 533 -0.646487
240 601 -0.77741
240 650 -0.437003
240 664 -0.594145
240 871 -0.348794
241 95 -0.230721
241 96 -1.0211
241 97 -0.0552984
241 156 -0.313304
241 215 -0.318011
241 241 3.83155
241 279 -0.514888
241 421 -0.343298
241 457 -0.536314
242 22 -0.0232012
242 23 -1.08689
242 24 -0.312876
242 133 -0.290144
242 150 -0.773351
242 242 3.98783
242 412 -0.844026
242 478 -0.212115
243 243 3.86039
243 538 0.0215881
243 584 -0.626849
243 612 -0.321856
243 681 -0.59045
243 694 -0.532875
243 765 -0.15249
243 829 -0.771529
243 858 -0.255857
244 146 -0.705289
244 186 -0.403042
244 244 3.66295
244 331 -0.663303
244 366 -0.523563
244 626 -0.574622
244 627 -0.512353
245 245 3.73714
245 592 -0.386534
245 711 -0.372873
245 730 -0.735317
245 864 -0.670838
245 874 -0.613103
245 917 -0.565552
246 246 3.76656
246 341 -0.297484
246 437 -0.372153
246 594 -0.824913
246 687 -0.657735
246 689 -0.799622
246 866 -0.60122
247 109 -0.569098
247 247 3.73356
247 309 -0.423461
247 334 -0.259058
247 355 -0.525738
247 386 -0.762786
247 428 -0.445951
247 639 -0.323813
248 86 -0.699268
248 87 -0.842584
248 131 -0.618923
248 186 -0.510321
248 248 3.78714
248 429 -0.92108
249 249 3.87394
249 542 -0.666951
249 554 -0.979014
249 588 -0.639545
249 859 -0.920357
249 907 -0.461607
250 250 3.68279
250 460 -0.429142
250 483 -0.363312
250 515 -0.648221
250 544 -0.600314
250 599 -0.750467
250 715 -0.552415
251 251 3.77368
251 315 -0.524047
251 337 -0.442259
251 339 -0.882027
251 545 -0.321242
251 576 -0.639612
251 683 -0.59411
252 139 -0.76034
252 153 -1.24141
252 206 -0.775703
252 252 4.38248
252 323 -1.46316
253 253 3.69039
253 396 -0.552458
253 435 -0.632791
253 437 -0.44019
253 500 -0.575293
253 623 -0.73643
253 996 -0.499016
254 182 -0.388657
254 254 3.71225
254 280 -0.770426
254 349 -0.385039
254 362 -0.76737
254 602 -0.366577
254 686 -0.737559
255 239 -0.44044
255 255 3.70938
255 337 -0.360941
255 407 -0.482396
255 438 -0.817889
255 439 -0.630483
255 600 -0.627377
256 93 -0.406278
256 94 -0.587792
256 137 -0.298936
256 138 -0.928297
256 156 -0.467081
256 256 3.77318
256 398 -0.769557
257 164 -0.551617
257 190 -0.547455
257 257 3.68614
257 302 -0.470269
257 348 -0.47977
257 369 -0.643259
257 662 -0.663086
258 258 3.62812
258 265 -0.53188
258 441 -0.28588
258 446 -0.460235
258 541 -0.655796
258 690 -0.308251
258 696 -0.535833
258 804 -0.5173
259 215 -0.550473
259 259 3.75656
259 442 -0.387901
259 445 -0.588881
259 457 -0.670405
259 733 -0.340084
259 751 -0.913779
260 13 -0.200421
260 14 -0.820286
260 15 -0.11891
260 154 -0.508525
260 210 -0.42724
260 260 3.8172
260 278 -0.32146
260 443 -0.267689
260 548 -0.540561
261 8 -0.439685
261 9 -1.28606
261 10 0.0771346
261 261 4.0036
261 265 -0.664525
261 266 -0.221723
261 446 -0.513785
261 691 -0.56822
262 68 -0.568661
262 69 -0.403855
262 106 -0.628753
262 163 -0.824757
262 232 -0.431127
262 262 3.6905
262 340 -0.567243
263 166 -0.649093
263 263 3.79402
263 267 -0.843752
263 344 -0.536233
263 456 -0.726246
263 549 -0.788597
264 2 -0.594525
264 3 -0.734556
264 171 -0.539948
264 264 3.88801
264 288 -0.852019
264 290 -0.891113
265 10 -0.350536
265 160 -0.811512
265 258 -0.53188
265 261 -0.664525
265 265 3.76936
265 441 -0.504382
265 446 -0.526283
266 7 -0.638919
266 8 -0.799734
266 174 -0.282758
266 261 -0.221723
266 266 3.85052
266 440 -0.790842
266 691 -0.838374
267 134 -0.617592
267 166 -0.329311
267 169 -0.699675
267 263 -0.843752
267 267 3.69968
267 344 -0.409878
267 448 -0.50986
268 46 -0.387914
268 47 -0.849952
268 268 3.98252
268 312 -0.841957
268 447 -0.4272
268 621 -1.2086
269 171 -0.269062
269 269 3.69404
269 286 -0.552581
269 379 -0.515916
269 449 -0.770318
269 514 -0.244799
269 550 -0.413928
269 1001 -0.465589
270 129 -0.634831
270 192 -0.536514
270 224 -0.675512
270 270 3.70518
270 370 -0.481239
270 375 -0.452063
270 406 -0.579885
271 5 -0.917708
271 6 -0.481463
271 173 -0.381645
271 174 -0.302005
271 177 -0.440438
271 271 3.81564
271 272 -0.96585
272 174 -0.532522
272 177 -0.524718
272 271 -0.96585
272 272 3.85334
272 346 -0.873768
272 688 -0.69465
273 273 3.63729
273 422 -0.264881
273 501 -0.493221
273 530 -0.494169
273 551 -0.628948
273 568 -0.317124
273 610 -0.487644
273 875 -0.545526
274 48 -0.0650955
274 49 -0.742218
274 100 -0.638344
274 187 -0.116618
274 189 -0.621705
274 274 3.7782
274 312 -0.307334
274 367 -0.329539
274 508 -0.422029
275 126 -0.477265
275 133 -0.330769
275 199 -0.658449
275 275 3.75613
275 380 -0.679069
275 552 -0.320773
275 666 -1.05422
276 276 3.87912
276 603 -0.459562
276 705 -0.819737
276 783 -0.508881
276 861 -0.784102
276 872 -1.13534
277 70 -0.235145
277 71 -0.734595
277 151 -0.57577
277 277 3.81847
277 453 -0.46599
277 455 -0.47875
277 531 -0.955351
278 136 -0.408198
278 210 -0.697864
278 260 -0.32146
278 278 3.81661
278 313 -0.600417
278 426 -0.53556
278 548 -0.973027
279 241 -0.514888
279 279 3.88326
279 421 -0.865237
279 445 -0.62389
279 456 -0.636763
279 457 -1.01088
280 152 -1.03797
280 158 -0.500819
280 182 -0.460394
280 254 -0.770426
280 280 3.8853
280 349 -0.85912
281 130 -0.59477
281 185 -0.874184
281 220 -0.557268
281 281 3.71233
281 350 -0.415604
281 402 -0.665169
281 404 -0.316817
282 282 3.71976
282 455 -0.544003
282 553 -0.790628
282 555 -0.493858
282 583 -0.798535
282 695 -0.479697
282 745 -0.318211
283 145 -0.294282
283 164 -0.443432
283 283 3.68009
283 330 -0.107961
283 352 -0.599614
283 374 -0.314062
283 490 -0.489842
283 511 -0.349783
283 556 -0.592647
284 0 -0.28679
284 165 -0.818362
284 166 -0.469157
284 167 -0.790795
284 169 -0.514349
284 284 3.78622
284 354 -0.589057
285 285 3.71035
285 341 -0.313391
285 425 -0.354721
285 461 -0.579495
285 614 -0.601373
285 677 -0.578651
285 865 -0.24046
285 867 -0.588372
286 171 -0.967697
286 269 -0.552581
286 286 3.93357
286 288 -0.437984
286 465 -0.979282
286 550 -0.647644
287 287 3.79972
287 427 -0.599651
287 463 -0.356705
287 464 -0.456169
287 472 -0.147086
287 517 -0.93056
287 616 -0.471053
287 716 -0.164918
287 932 -0.303154
288 1 -0.119947
288 2 -0.354046
288 167 -0.501392
288 171 -0.0904532
288 264 -0.852019
288 286 -0.437984
288 288 3.78977
288 354 -0.610873
288 465 -0.307193
289 60 -0.444833
289 61 -0.428706
289 104 -0.549541
289 195 -0.643661
289 196 -0.529672
289 200 -0.307547
289 289 3.66502
289 512 -0.303575
290 3 -0.462054
290 171 -0.825456
290 173 -1.12548
290 177 -0.432159
290 264 -0.891113
290 290 3.98998
291 291 3.96833
291 370 -0.409101
291 559 -1.1877
291 618 -0.579781
291 724 -0.592289
291 850 -0.994615
292 292 3.79062
292 365 -0.541849
292 506 -0.899467
292 561 -0.779503
292 620 -0.625229
292 897 -0.725169
293 197 -0.565136
293 221 -0.725379
293 293 3.8663
293 320 -0.78527
293 403 -0.545766
293 563 -0.910961
294 142 -0.590994
294 294 3.77287
294 510 -0.755841
294 564 -0.738964
294 626 -0.845756
294 633 -0.615136
295 178 -0.549659
295 295 3.77172
295 296 -0.459974
295 359 -0.534699
295 393 -0.789119
295 472 -0.351619
295 615 -0.702046
296 170 -0.746243
296 178 -0.465673
296 205 -0.352632
296 295 -0.459974
296 296 3.66346
296 360 -0.3593
296 368 -0.5788
296 615 -0.2895
297 175 -0.770011
297 179 -0.767174
297 187 -0.74131
297 297 3.79834
297 299 -0.616553
297 367 -0.700831
298 36 -0.455549
298 37 -0.567554
298 113 -0.595819
298 116 -0.621826
298 239 -0.500338
298 298 3.68637
298 589 -0.54372
299 52 -0.386084
299 175 -0.322898
299 179 -0.885003
299 184 -0.56218
299 297 -0.616553
299 299 3.84653
299 480 -0.725299
300 147 -0.672259
300 300 3.72414
300 434 -0.352513
300 474 -0.584338
300 505 -0.462332
300 785 -0.78584
300 889 -0.498755
301 89 -0.835527
301 90 -0.722987
301 146 -0.524414
301 188 -0.611938
301 301 3.80836
301 627 -0.891183
302 67 -0.265476
302 106 -0.656582
302 159 -0.624222
302 190 -0.363654
302 257 -0.470269
302 302 3.65571
302 340 -0.387982
302 662 -0.466978
303 303 3.65997
303 475 -0.304385
303 547 -0.485737
303 606 -0.512652
303 640 -0.438778
303 714 -0.492634
303 809 -0.58791
303 873 -0.356391
304 231 -0.334035
304 304 3.80919
304 451 -0.680296
304 476 -0.71517
304 659 -0.827314
304 692 -0.768095
304 794 -0.235944
305 143 -0.588302
305 181 -0.730032
305 305 3.80807
305 361 -0.784725
305 459 -0.879255
305 695 -0.598125
306 131 -0.799323
306 142 -0.683585
306 197 -0.756143
306 221 -0.617488
306 306 3.8556
306 429 -0.717522
307 198 -0.545364
307 307 3.84403
307 569 -0.933432
307 579 -0.608993
307 789 -0.715543
307 985 -0.760187
308 116 -0.742526
308 183 -0.389364
308 222 -0.891823
308 308 3.89127
308 328 -1.07001
308 589 -0.568668
309 247 -0.423461
309 309 3.67029
309 355 -0.465502
309 428 -0.438839
309 616 -0.605992
309 682 -0.481355
309 915 -0.607295
309 932 -0.254932
310 150 -0.758764
310 206 -0.16179
310 310 3.74985
310 323 -0.703798
310 478 -0.294439
310 534 -0.575814
310 572 -0.570244
310 585 -0.304156
311 311 3.79868
311 720 -0.725182
311 727 -0.830607
311 797 -0.583473
311 823 -0.739412
311 849 -0.650723
312 47 -0.254131
312 48 -0.901503
312 189 -0.864258
312 268 -0.841957
312 274 -0.307334
312 312 3.90047
312 447 -0.348583
313 136 -0.465573
313 210 -0.482872
313 211 -0.637666
313 278 -0.600417
313 313 3.65971
313 441 -0.443236
313 546 -0.746656
314 314 3.76024
314 356 -0.802267
314 480 -0.730041
314 617 -0.612519
314 618 -0.589624
314 698 -0.813545
315 202 -0.696688
315 251 -0.524047
315 315 3.71498
315 337 -0.446949
315 474 -0.499589
315 489 -0.465712
315 576 -0.696101
316 316 3.65988
316 739 -0.576212
316 793 -0.20771
316 818 -0.464404
316 846 -0.223808
316 853 -0.187295
316 947 -0.450138
316 976 -0.289229
316 982 -0.237569
316 1016 -0.45724
317 317 3.80538
317 579 -0.733323
317 779 -0.801111
317 789 -0.631434
317 810 -0.709906
317 877 -0.623331
318 75 -0.231745
318 76 -1.40553
318 77 -0.00601901
318 149 -0.426918
318 180 -0.40439
318 219 -0.430183
318 318 4.0327
318 373 -0.781464
319 319 3.61281
319 597 -0.557867
319 598 -0.381522
319 706 -0.632111
319 868 -0.516487
319 870 -0.468332
319 950 -0.354018
319 1018 -0.350676
320 83 -0.392663
320 84 -0.577261
320 221 -0.493571
320 293 -0.78527
320 320 3.81183
320 403 -0.261667
320 656 -0.931066
321 121 -0.331625
321 194 -0.685393
321 236 -0.309733
321 321 3.79086
321 326 -0.541184
321 417 -0.998597
321 485 -0.577001
322 322 3.65776
322 458 -0.357304
322 553 -0.723505
322 590 -0.670824
322 612 -0.414671
322 745 -0.307866
322 858 -0.490757
322 861 -0.324219
323 139 -0.315154
323 206 -0.502412
323 252 -1.46316
323 310 -0.703798
323 323 4.2173
323 572 -1.05342
324 122 -0.516468
324 126 -0.388426
324 234 -0.250979
324 235 -0.34519
324 324 3.7163
324 325 -0.667629
324 380 -0.64106
324 586 -0.443279
325 234 -0.62508
325 324 -0.667629
325 325 3.80774
325 414 -0.847178
325 487 -0.552212
325 586 -0.85981
326 194 -0.584687
326 236 -0.540023
326 321 -0.541184
326 326 3.66185
326 450 -0.533629
326 551 -0.558217
326 568 -0.541197
327 327 3.80645
327 542 -0.807635
327 587 -0.331028
327 588 -0.320467
327 597 -0.713543
327 598 -0.413172
327 795 -0.83542
328 183 -0.612879
328 202 -0.898298
328 308 -1.07001
328 328 3.92001
328 489 -0.692903
328 589 -0.388919
329 240 -0.631006
329 329 3.89159
329 415 -0.467439
329 452 -1.06883
329 533 -0.544986
329 871 -1.00759
330 283 -0.107961
330 330 3.74909
330 352 -0.764045
330 490 -0.771871
330 611 -0.449909
330 693 -0.374048
330 746 -0.361716
330 782 -0.542974
331 142 -0.564605
331 186 -0.662224
331 244 -0.663303
331 331 3.77854
331 429 -0.809548
331 626 -0.870361
332 332 3.65893
332 491 -0.51103
332 492 -0.448446
332 537 -0.747697
332 798 -0.5299
332 971 -0.701142
332 1000 -0.444951
333 333 3.74972
333 462 -0.520376
333 592 -0.347449
333 593 -0.782986
333 614 -0.62819
333 685 -0.760067
333 865 -0.393207
334 109 -0.715826
334 111 -0.496558
334 247 -0.259058
334 334 3.9336
334 386 -1.18295
334 387 -0.602069
334 595 -0.359734
335 335 3.84182
335 596 -0.534217
335 645 -0.52714
335 723 -0.116822
335 743 -0.123149
335 825 -0.344519
335 857 -0.329418
335 967 -0.837691
335 1037 -0.559742
336 114 -0.493334
336 336 3.81924
336 483 -0.325225
336 587 -0.51146
336 599 -0.8476
336 795 -0.633265
336 796 -0.677431
337 202 -0.383002
337 251 -0.442259
337 255 -0.360941
337 315 -0.446949
337 337 3.6202
337 339 -0.518001
337 438 -0.631217
337 600 -0.406612
338 139 -0.316426
338 338 3.77117
338 362 -0.814603
338 602 -0.426765
338 663 -0.333536
338 721 -0.819197
338 790 -0.726124
339 251 -0.882027
339 337 -0.518001
339 339 3.84202
339 494 -0.729969
339 545 -0.599451
339 600 -0.816801
340 106 -0.801745
340 232 -0.316786
340 262 -0.567243
340 302 -0.387982
340 340 3.77208
340 411 -0.887169
340 662 -0.531597
341 136 -0.390807
341 246 -0.297484
341 285 -0.313391
341 341 3.63972
341 426 -0.504896
341 461 -0.389191
341 594 -0.583817
341 687 -0.331822
341 867 -0.373407
342 342 3.63351
342 606 -0.45451
342 607 -0.725449
342 709 -0.513347
342 714 -0.557121
342 750 -0.587398
342 893 -0.557741
343 343 3.70971
343 344 -0.626604
343 521 -0.364874
343 549 -0.428474
343 653 -0.377282
343 733 -0.303144
343 752 -0.579213
343 960 -0.526354
344 134 -0.894612
344 263 -0.536233
344 267 -0.409878
344 343 -0.626604
344 344 3.7702
344 521 -0.367493
344 549 -0.590153
345 345 3.72234
345 608 -0.5837
345 613 -0.531484
345 678 -0.506756
345 801 -0.399411
345 806 -0.665938
345 807 -0.575856
346 168 -0.271473
346 177 -0.175465
346 272 -0.873768
346 346 3.7141
346 449 -0.511148
346 498 -0.64997
346 514 -0.472849
346 688 -0.375398
347 347 4.00442
347 538 -0.364868
347 610 -0.663336
347 660 -0.585326
347 728 -1.03025
347 875 -1.11101
348 164 -0.365029
348 257 -0.47977
348 348 3.60263
348 352 -0.629321
348 603 -0.350676
348 611 -0.322792
348 662 -0.511522
348 872 -0.55741
349 154 -0.552618
349 158 -0.425684
349 254 -0.385039
349 280 -0.85912
349 349 3.73649
349 436 -0.603512
349 686 -0.552598
350 130 -0.67636
350 147 -0.652635
350 183 -0.542082
350 185 -0.618263
350 281 -0.415604
350 350 3.72155
350 489 -0.442351
351 351 3.66521
351 609 -0.54977
351 612 -0.558147
351 622 -0.721017
351 672 -0.451198
351 745 -0.460082
351 829 -0.652235
352 164 -0.83153
352 283 -0.599614
352 330 -0.764045
352 348 -0.629321
352 352 3.81145
352 611 -0.699558
353 353 3.62046
353 502 -0.626666
353 593 -0.493449
353 677 -0.391762
353 678 -0.308152
353 805 -0.549712
353 807 -0.256878
353 864 -0.251861
353 865 -0.283741
354 167 -0.941778
354 169 -0.73539
354 284 -0.589057
354 288 -0.610873
354 354 3.81674
354 465 -0.724075
355 247 -0.525738
355 309 -0.465502
355 355 3.72767
355 427 -0.625723
355 615 -0.394843
355 616 -0.662239
355 639 -0.731866
356 314 -0.802267
356 356 3.70142
356 617 -0.43267
356 618 -0.451177
356 724 -0.489809
356 755 -0.437413
356 827 -0.814417
357 178 -0.897705
357 357 3.82512
357 359 -0.633847
357 447 -0.561033
357 506 -0.591668
357 624 -0.919259
358 188 -0.510548
358 358 3.99527
