0 0 0.00110608
0 1 0.000131139
0 99 0.000116488
0 165 0.000291265
0 167 0.000261776
0 284 0.000305413
1 0 0.000131139
1 1 0.000964232
1 2 0.000197527
1 167 0.000284589
1 288 0.000350977
2 1 0.000197527
2 2 0.000980899
2 3 0.000129402
2 264 0.000292922
2 288 0.000361047
3 2 0.000129402
3 3 0.000930168
3 4 9.14261e-05
3 173 0.000225902
3 264 0.000239182
3 290 0.000244255
4 3 9.14261e-05
4 4 0.000361899
4 5 8.95237e-05
4 173 0.00018095
5 4 8.95237e-05
5 5 0.000673651
5 6 0.000124337
5 173 0.000212489
5 271 0.000247302
6 5 0.000124337
6 6 0.000870596
6 7 0.00015065
6 174 0.000310961
6 271 0.000284648
7 6 0.00015065
7 7 0.000847011
7 8 0.000123959
7 174 0.000299546
7 266 0.000272855
8 7 0.000123959
8 8 0.000763876
8 9 0.000120825
8 261 0.000257979
8 266 0.000261113
9 8 0.000120825
9 9 0.000488767
9 10 0.000123559
9 261 0.000244383
10 9 0.000123559
10 10 0.00120586
10 11 0.000123006
10 160 0.000263349
10 261 0.000339579
10 265 0.000356363
11 10 0.000123006
11 11 0.000750008
11 12 0.000142487
11 160 0.000232517
11 211 0.000251998
12 11 0.000142487
12 12 0.0009
12 13 0.000155825
12 210 0.000307513
12 211 0.000294175
13 12 0.000155825
13 13 0.00110074
13 14 0.000184136
13 210 0.000366235
13 260 0.000394545
14 13 0.000184136
14 14 0.000739677
14 15 0.000185703
14 260 0.000369839
15 14 0.000185703
15 15 0.00185164
15 16 0.000145739
15 154 0.000594377
15 158 0.000425915
15 260 0.000499904
16 15 0.000145739
16 16 0.000576212
16 17 0.000142367
16 158 0.000288106
17 16 0.000142367
17 17 0.00088036
17 18 0.000134305
17 152 0.000297813
17 158 0.000305875
18 17 0.000134305
18 18 0.00071346
18 19 0.000112756
18 148 0.000222425
18 152 0.000243974
19 18 0.000112756
19 19 0.000850685
19 20 0.000173569
19 148 0.000251773
19 153 0.000312587
20 19 0.000173569
20 20 0.00112639
20 21 0.000166431
20 153 0.000396764
20 206 0.000389626
21 20 0.000166431
21 21 0.000668625
21 22 0.000167881
21 206 0.000334312
22 21 0.000167881
22 22 0.00150259
22 23 0.000144011
22 150 0.000439401
22 206 0.000397764
22 242 0.000353529
23 22 0.000144011
23 23 0.000573056
23 24 0.000142517
23 242 0.000286528
24 23 0.000142517
24 24 0.000995688
24 25 0.000166326
24 133 0.000355327
24 242 0.000331518
25 24 0.000166326
25 25 0.00090844
25 26 6.73926e-05
25 133 0.000314829
25 141 0.000139391
25 199 0.000220502
26 25 6.73926e-05
26 26 0.000470836
26 27 0.000115534
26 141 0.000119884
26 237 0.000168025
27 26 0.000115534
27 27 0.00123742
27 28 0.000122726
27 122 0.000380451
27 125 0.000335534
27 237 0.000283176
28 27 0.000122726
28 28 0.000488863
28 29 0.000121706
28 125 0.000244432
29 28 0.000121706
29 29 0.000936567
29 30 0.000170046
29 120 0.000346577
29 125 0.000298237
30 29 0.000170046
30 30 0.00125294
30 31 0.000113627
30 120 0.000366609
30 161 0.000259859
30 223 0.000342795
31 30 0.000113627
31 31 0.000692729
31 32 0.000116062
31 132 0.000232738
31 161 0.000230303
32 31 0.000116062
32 32 0.000463719
32 33 0.000115798
32 132 0.000231859
33 32 0.000115798
33 33 0.000982742
33 34 6.562e-05
33 115 0.000194152
33 132 0.000297219
33 226 0.000309953
34 33 6.562e-05
34 34 0.00026351
34 35 6.61348e-05
34 115 0.000131755
35 34 6.61348e-05
35 35 0.000999473
35 36 0.000148063
35 115 0.000194836
35 116 0.000304901
35 222 0.000285539
36 35 0.000148063
36 36 0.00091887
36 37 0.000152494
36 116 0.000306941
36 298 0.000311371
37 36 0.000152494
37 37 0.000856747
37 38 0.000126665
37 113 0.00027588
37 298 0.000301709
38 37 0.000126665
38 38 0.000633286
38 39 9.51158e-05
38 113 0.000221527
38 218 0.000189978
39 38 9.51158e-05
39 39 0.000666877
39 40 0.000134992
39 110 0.000238323
39 218 0.000198446
40 39 0.000134992
40 40 0.000714838
40 41 0.00010704
40 110 0.000250378
40 157 0.000222426
41 40 0.00010704
41 41 0.000821675
41 42 0.000164592
41 111 0.000303797
41 157 0.000246246
42 41 0.000164592
42 42 0.000677934
42 43 8.57612e-05
42 111 0.000253206
42 207 0.000174375
43 42 8.57612e-05
43 43 0.000987314
43 44 0.000156514
43 204 0.000313974
43 207 0.000179683
43 387 0.000251381
44 43 0.000156514
44 44 0.000861761
44 45 0.000135532
44 204 0.000295348
44 385 0.000274366
45 44 0.000135532
45 45 0.000683356
45 46 0.000111412
45 103 0.000206146
45 385 0.000230266
46 45 0.000111412
46 46 0.000989957
46 47 0.000133405
46 103 0.000231791
46 268 0.000263187
46 621 0.000250162
47 46 0.000133405
47 47 0.000814696
47 48 0.000149958
47 268 0.00025739
47 312 0.000273943
48 47 0.000149958
48 48 0.00104946
48 49 0.000168028
48 274 0.000374774
48 312 0.000356704
49 48 0.000168028
49 49 0.000749381
49 50 6.33338e-05
49 100 0.000206663
49 274 0.000311357
50 49 6.33338e-05
50 50 0.000255296
50 51 6.43142e-05
50 100 0.000127648
51 50 6.43142e-05
51 51 0.000803938
51 52 0.000112185
51 100 0.000184718
51 179 0.000217251
51 187 0.00022547
52 51 0.000112185
52 52 0.00115429
52 53 0.000136353
52 179 0.00023104
52 184 0.000346105
52 299 0.000328607
53 52 0.000136353
53 53 0.000543092
53 54 0.000135193
53 184 0.000271546
54 53 0.000135193
54 54 0.000898039
54 55 0.000141294
54 101 0.000313827
54 184 0.000307725
55 54 0.000141294
55 55 0.000859946
55 56 0.000146198
55 101 0.000283776
55 484 0.000288679
56 55 0.000146198
56 56 0.000994163
56 57 0.000177641
56 192 0.000350884
56 484 0.000319441
57 56 0.000177641
57 57 0.000982558
57 58 0.00013504
57 192 0.000356239
57 224 0.000313638
58 57 0.00013504
58 58 0.000654187
58 59 9.72793e-05
58 172 0.000192053
58 224 0.000229814
59 58 9.72793e-05
59 59 0.000657233
59 60 0.00013266
59 172 0.000195956
59 196 0.000231337
60 59 0.00013266
60 60 0.000929594
60 61 0.000159597
60 196 0.0003052
60 289 0.000332137
61 60 0.000159597
61 61 0.00075061
61 62 9.54249e-05
61 104 0.000215708
61 289 0.00027988
62 61 9.54249e-05
62 62 0.000553794
62 63 0.000106846
62 104 0.000170051
62 105 0.000181472
63 62 0.000106846
63 63 0.000981319
63 64 0.000219955
63 102 0.000383814
63 105 0.000270705
64 63 0.000219955
64 64 0.00148016
64 65 0.000102019
64 102 0.00049328
64 108 0.000246797
64 191 0.000418104
65 64 0.000102019
65 65 0.000554738
65 66 8.47715e-05
65 108 0.000192598
65 159 0.00017535
66 65 8.47715e-05
66 66 0.000341473
66 67 8.59652e-05
66 159 0.000170737
67 66 8.59652e-05
67 67 0.00106892
67 68 0.000113259
67 106 0.000256171
67 159 0.000278289
67 302 0.000335236
68 67 0.000113259
68 68 0.000667322
68 69 0.000123527
68 106 0.000210134
68 262 0.000220402
69 68 0.000123527
69 69 0.000656581
69 70 0.00011296
69 163 0.000204763
69 262 0.000215331
70 69 0.00011296
70 70 0.00103725
70 71 0.000165619
70 163 0.000214752
70 277 0.000303874
70 531 0.000240047
71 70 0.000165619
71 71 0.00107591
71 72 0.000176272
71 151 0.000372334
71 277 0.000361681
72 71 0.000176272
72 72 0.000913074
72 73 0.000103523
72 112 0.000280265
72 151 0.000353014
73 72 0.000103523
73 73 0.000414431
73 74 0.000103693
73 112 0.000207215
74 73 0.000103693
74 74 0.00110028
74 75 0.000108304
74 112 0.000293419
74 143 0.000338144
74 180 0.000256722
75 74 0.000108304
75 75 0.00066118
75 76 0.000111762
75 180 0.000218828
75 318 0.000222286
76 75 0.000111762
76 76 0.000450221
76 77 0.000113348
76 318 0.00022511
77 76 0.000113348
77 77 0.00115212
77 78 0.000108993
77 219 0.000353717
77 230 0.000275387
77 318 0.000300671
78 77 0.000108993
78 78 0.000437224
78 79 0.000109619
78 230 0.000218612
79 78 0.000109619
79 79 0.00126782
79 80 0.000102202
79 121 0.00042209
79 124 0.000318106
79 230 0.000315804
80 79 0.000102202
80 80 0.000408048
80 81 0.000101822
80 124 0.000204024
81 80 0.000101822
81 81 0.000745805
81 82 0.000134994
81 123 0.00027108
81 124 0.000237908
82 81 0.000134994
82 82 0.00100888
82 83 0.000127471
82 123 0.000270231
82 229 0.000241976
82 656 0.000234211
83 82 0.000127471
83 83 0.000799708
83 84 0.000155371
83 320 0.000272383
83 656 0.000244483
84 83 0.000155371
84 84 0.0010563
84 85 0.000181646
84 221 0.000372777
84 320 0.000346503
85 84 0.000181646
85 85 0.00096001
85 86 0.000130944
85 131 0.000298359
85 221 0.000349061
86 85 0.000130944
86 86 0.000647544
86 87 9.90336e-05
86 131 0.000224738
86 248 0.000192828
87 86 9.90336e-05
87 87 0.000695427
87 88 0.000142074
87 186 0.00024868
87 248 0.00020564
88 87 0.000142074
88 88 0.000823078
88 89 0.000126208
88 146 0.000269465
88 186 0.000285331
89 88 0.000126208
89 89 0.000663317
89 90 0.00010651
89 146 0.000225149
89 301 0.00020545
90 89 0.00010651
90 90 0.000835934
90 91 0.000176686
90 188 0.000311457
90 301 0.000241281
91 90 0.000176686
91 91 0.000896005
91 92 0.000128564
91 188 0.000319439
91 389 0.000271317
92 91 0.000128564
92 92 0.000940353
92 93 0.000122798
92 138 0.000226549
92 208 0.000218815
92 389 0.000243628
93 92 0.000122798
93 93 0.000731181
93 94 0.000138715
93 138 0.000226876
93 256 0.000242793
94 93 0.000138715
94 94 0.000852235
94 95 0.000144717
94 156 0.000287403
94 256 0.000281401
95 94 0.000144717
95 95 0.000980471
95 96 0.000151462
95 156 0.000338773
95 241 0.000345519
96 95 0.000151462
96 96 0.000607311
96 97 0.000152193
96 241 0.000303655
97 96 0.000152193
97 97 0.00100427
97 98 0.000156563
97 241 0.000345571
97 421 0.000349941
98 97 0.000156563
98 98 0.00116599
98 99 0.000116263
98 162 0.000310171
98 165 0.000270797
98 421 0.000312199
99 0 0.000116488
99 98 0.000116263
99 99 0.000465502
99 165 0.000232751
100 49 0.000206663
100 50 0.000127648
100 51 0.000184718
100 100 0.00102015
100 187 0.000239099
100 274 0.000262024
101 54 0.000313827
101 55 0.000283776
101 101 0.00176028
101 184 0.000343519
101 466 0.000252843
101 484 0.000267458
101 698 0.000298853
102 63 0.000383814
102 64 0.00049328
102 102 0.00327063
102 105 0.000304798
102 145 0.000432063
102 191 0.000482378
102 200 0.000330763
102 201 0.000405173
102 374 0.00043836
103 45 0.000206146
103 46 0.000231791
103 103 0.00104796
103 360 0.000197456
103 385 0.000194626
103 621 0.000217944
104 61 0.000215708
104 62 0.000170051
104 104 0.000989821
104 105 0.000158588
104 200 0.000204577
104 289 0.000240898
105 62 0.000181472
105 63 0.000270705
105 102 0.000304798
105 104 0.000158588
105 105 0.00114046
105 200 0.000224901
106 67 0.000256171
106 68 0.000210134
106 106 0.001142
106 262 0.000195018
106 302 0.000262724
106 340 0.000217956
107 107 0.00141815
107 383 0.00031485
107 463 0.000278526
107 469 0.000308896
107 472 0.000268735
107 562 0.000247138
108 64 0.000246797
108 65 0.000192598
108 108 0.00110013
108 159 0.000198935
108 190 0.000212691
108 191 0.000249113
109 109 0.00213539
109 111 0.00037001
109 155 0.000330451
109 216 0.000332108
109 247 0.000367233
109 334 0.000342843
109 428 0.000392743
110 39 0.000238323
110 40 0.000250378
110 110 0.00158546
110 157 0.000233434
110 216 0.000226098
110 218 0.000209677
110 227 0.000212922
110 401 0.000214626
111 41 0.000303797
111 42 0.000253206
111 109 0.00037001
111 111 0.0023208
111 157 0.000278796
111 207 0.000185627
111 216 0.000326918
111 334 0.000344056
111 387 0.000258387
112 72 0.000280265
112 73 0.000207215
112 74 0.000293419
112 112 0.00166094
112 143 0.00031399
112 151 0.000309266
112 459 0.000256788
113 37 0.00027588
113 38 0.000221527
113 113 0.00158589
113 218 0.000191892
113 227 0.000250325
113 239 0.000325175
113 298 0.000321094
114 114 0.00256973
114 336 0.000365037
114 430 0.000376632
114 460 0.000322146
114 490 0.000221048
114 511 0.00026209
114 587 0.000451378
114 599 0.00031548
114 782 0.000255915
115 33 0.000194152
115 34 0.000131755
115 35 0.000194836
115 115 0.000981144
115 222 0.000230285
115 226 0.000230116
116 35 0.000304901
116 36 0.000306941
116 116 0.00173866
116 222 0.000265439
116 298 0.000327897
116 308 0.000236533
116 589 0.00029695
117 117 0.00229102
117 491 0.000353617
117 492 0.000367601
117 557 0.000343255
117 649 0.000286509
117 670 0.00025992
117 685 0.000371535
117 701 0.000308584
118 118 0.00135506
118 181 0.000257578
118 361 0.000265314
118 416 0.000236521
118 450 0.000206313
118 710 0.000175697
118 905 0.000213641
119 119 0.000666671
119 364 0.00017421
119 487 0.000159125
119 586 0.000159393
119 651 0.000173942
120 29 0.000346577
120 30 0.000366609
120 120 0.00224532
120 125 0.000388414
120 223 0.000352689
120 235 0.000423392
120 528 0.000367635
121 79 0.00042209
121 121 0.00242142
121 124 0.000387937
121 128 0.000345276
121 230 0.000344465
121 321 0.000305062
121 417 0.000278752
121 485 0.000337833
122 27 0.000380451
122 122 0.00226126
122 125 0.000426408
122 126 0.000297825
122 235 0.000452356
122 237 0.000297112
122 324 0.000407112
123 81 0.00027108
123 82 0.000270231
123 123 0.00161029
123 124 0.000284279
123 127 0.000250636
123 128 0.000292595
123 229 0.00024147
124 79 0.000318106
124 80 0.000204024
124 81 0.000237908
124 121 0.000387937
124 123 0.000284279
124 124 0.00175248
124 128 0.000320225
125 27 0.000335534
125 28 0.000244432
125 29 0.000298237
125 120 0.000388414
125 122 0.000426408
125 125 0.00211851
125 235 0.000425483
126 122 0.000297825
126 126 0.0014506
126 199 0.000210052
126 237 0.000233087
126 275 0.000201725
126 324 0.000290488
126 380 0.000217424
127 123 0.000250636
127 127 0.00168714
127 128 0.000283029
127 228 0.000277573
127 229 0.000248133
127 403 0.000315359
127 408 0.000312405
128 121 0.000345276
128 123 0.000292595
128 124 0.000320225
128 127 0.000283029
128 128 0.00182434
128 228 0.000274299
128 485 0.000308916
129 129 0.00142787
129 270 0.000267905
129 370 0.000288455
129 406 0.000226225
129 467 0.000210722
129 632 0.000235306
129 757 0.000199253
130 130 0.00188011
130 132 0.000318585
130 183 0.00035081
130 220 0.000281969
130 226 0.000340247
130 281 0.00027066
130 350 0.000317839
131 85 0.000298359
131 86 0.000224738
131 131 0.00142549
131 221 0.000297256
131 248 0.000182748
131 306 0.000231638
131 429 0.00019075
132 31 0.000232738
132 32 0.000231859
132 33 0.000297219
132 130 0.000318585
132 132 0.00194762
132 161 0.000241944
132 220 0.000274552
132 226 0.000350722
133 24 0.000355327
133 25 0.000314829
133 133 0.00181869
133 199 0.000264148
133 242 0.000315685
133 275 0.000200424
133 412 0.000205091
133 666 0.000163186
134 134 0.00124455
134 267 0.000213858
134 344 0.000245067
134 448 0.000228024
134 521 0.000287934
134 817 0.000269663
135 135 0.00113462
135 707 0.000218776
135 882 0.000152055
135 887 0.000222725
135 901 0.000254426
135 920 0.000125809
135 1022 0.000160828
136 136 0.00137255
136 278 0.000199255
136 313 0.000204678
136 341 0.000289137
136 426 0.00019555
136 461 0.000286047
136 546 0.000197883
137 137 0.00257031
137 138 0.000244816
137 208 0.000269073
137 256 0.000285817
137 388 0.000332988
137 398 0.000323821
137 442 0.000397277
137 475 0.000383097
137 519 0.000333421
138 92 0.000226549
138 93 0.000226876
138 137 0.000244816
138 138 0.00115089
138 208 0.000211886
138 256 0.00024076
139 139 0.00215173
139 153 0.000316391
139 182 0.00037699
139 252 0.000172637
139 323 0.000158366
139 338 0.000311279
139 362 0.000308842
139 572 0.000214957
139 721 0.000292265
140 140 0.00117823
140 407 0.000233629
140 428 0.000254085
140 494 0.000230708
140 600 0.000222378
140 682 0.000237434
141 25 0.000139391
141 26 0.000119884
141 141 0.000496886
141 199 0.000128559
141 237 0.000109052
142 142 0.00187771
142 197 0.000367013
142 294 0.000236275
142 306 0.000286342
142 331 0.000217807
142 429 0.000226343
142 510 0.000319984
142 626 0.000223944
143 74 0.000338144
143 112 0.00031399
143 143 0.00188723
143 149 0.000258384
143 180 0.000266406
143 181 0.00025909
143 305 0.000222821
143 459 0.000228391
144 144 0.00153552
144 431 0.000275929
144 499 0.000303237
144 543 0.0002078
144 731 0.000187132
144 898 0.000304699
144 959 0.000256723
145 102 0.000432063
145 145 0.00212329
145 164 0.000306816
145 191 0.000330959
145 283 0.000394499
145 369 0.000235082
145 374 0.000423869
146 88 0.000269465
146 89 0.000225149
146 146 0.00141791
146 186 0.000275179
146 244 0.000244086
146 301 0.000195403
146 627 0.000208627
147 147 0.00186992
147 185 0.00025243
147 300 0.000322675
147 350 0.000296543
147 474 0.00033989
147 489 0.000359856
147 505 0.000298528
148 18 0.000222425
148 19 0.000251773
148 148 0.00129163
148 152 0.00024116
148 153 0.000291902
148 182 0.000284375
149 143 0.000258384
149 149 0.00141219
149 180 0.000235475
149 181 0.000260372
149 318 0.000226556
149 373 0.00021025
149 416 0.000221158
150 22 0.000439401
150 150 0.00193268
150 206 0.000413068
150 242 0.000384746
150 310 0.000351712
150 478 0.000343754
151 71 0.000372334
151 72 0.000353014
151 112 0.000309266
151 151 0.0024073
151 277 0.000372837
151 455 0.000371042
151 459 0.000283533
151 695 0.000345275
152 17 0.000297813
152 18 0.000243974
152 148 0.00024116
152 152 0.00160344
152 158 0.000298252
152 182 0.000259496
152 280 0.000262748
153 19 0.000312587
153 20 0.000396764
153 139 0.000316391
153 148 0.000291902
153 153 0.00222845
153 182 0.000364946
153 206 0.000332363
153 252 0.000213497
154 15 0.000594377
154 154 0.00270717
154 158 0.000472341
154 260 0.000520805
154 349 0.000378569
154 436 0.000360439
154 443 0.000380638
155 109 0.000330451
155 155 0.00165455
155 216 0.000247
155 401 0.000202181
155 407 0.000294644
155 428 0.000349167
155 439 0.000231109
156 94 0.000287403
156 95 0.000338773
156 156 0.00178505
156 215 0.000294275
156 241 0.00037328
156 256 0.000259478
156 398 0.000231843
157 40 0.000222426
157 41 0.000246246
157 110 0.000233434
157 111 0.000278796
157 157 0.00123854
157 216 0.000257638
158 15 0.000425915
158 16 0.000288106
158 17 0.000305875
158 152 0.000298252
158 154 0.000472341
158 158 0.00239383
158 280 0.000272958
158 349 0.000330379
159 65 0.00017535
159 66 0.000170737
159 67 0.000278289
159 108 0.000198935
159 159 0.00140651
159 190 0.000249618
159 302 0.000333585
160 10 0.000263349
160 11 0.000232517
160 160 0.00125005
160 211 0.000231155
160 265 0.000270866
160 441 0.000252167
161 30 0.000259859
161 31 0.000230303
161 132 0.000241944
161 161 0.00121042
161 220 0.000228676
161 223 0.000249641
162 98 0.000310171
162 162 0.00146944
162 165 0.000289383
162 166 0.000287035
162 421 0.000293149
162 456 0.000289698
163 69 0.000204763
163 70 0.000214752
163 163 0.00104273
163 232 0.000214807
163 262 0.00021008
163 531 0.000198323
164 145 0.000306816
164 164 0.00170555
164 257 0.00025969
164 283 0.000345659
164 348 0.000286312
164 352 0.000286268
164 369 0.000220802
165 0 0.000291265
165 98 0.000270797
165 99 0.000232751
165 162 0.000289383
165 165 0.00170305
165 166 0.000289461
165 284 0.000329389
166 162 0.000287035
166 165 0.000289461
166 166 0.00200364
166 169 0.000295687
166 263 0.000264484
166 267 0.000270114
166 284 0.000303612
166 456 0.000293243
167 0 0.000261776
167 1 0.000284589
167 167 0.00121496
167 284 0.000214366
167 288 0.000261976
167 354 0.000192255
168 168 0.0017518
168 346 0.000278929
168 444 0.000293437
168 497 0.000316411
168 498 0.000265633
168 613 0.000303536
168 688 0.000293858
169 166 0.000295687
169 169 0.00153917
169 267 0.000275192
169 284 0.000250522
169 354 0.000210558
169 448 0.000263339
169 465 0.000243871
170 170 0.00126149
170 205 0.000247519
170 296 0.000284063
170 595 0.000223124
170 615 0.000277702
170 639 0.000229076
171 171 0.00230877
171 177 0.000320872
171 264 0.000286924
171 269 0.000353217
171 286 0.000369743
171 288 0.000367464
171 290 0.00026764
171 449 0.000342915
172 58 0.000192053
172 59 0.000195956
172 172 0.000978878
172 196 0.000201661
172 224 0.000190499
172 375 0.000198708
173 3 0.000225902
173 4 0.00018095
173 5 0.000212489
173 173 0.00142415
173 177 0.000273684
173 271 0.000274238
173 290 0.000256886
174 6 0.000310961
174 7 0.000299546
174 174 0.00185007
174 266 0.000254182
174 271 0.000288267
174 272 0.000253285
174 440 0.000211894
174 688 0.000231938
175 175 0.00221114
175 297 0.000245816
175 299 0.000290181
175 367 0.000288181
175 473 0.000349667
175 480 0.000326744
175 617 0.000341653
175 625 0.000368899
176 176 0.00158251
176 476 0.000168217
176 630 0.000321189
176 658 0.000229962
176 659 0.000197898
176 843 0.000363394
176 974 0.000301848
177 171 0.000320872
177 173 0.000273684
177 177 0.00205184
177 271 0.000280768
177 272 0.000277293
177 290 0.000277217
177 346 0.000301867
177 449 0.000320135
178 178 0.00154033
178 295 0.000291351
178 296 0.000288496
178 357 0.000222663
178 359 0.000226868
178 368 0.000256149
178 447 0.000254799
179 51 0.000217251
179 52 0.00023104
179 179 0.00100093
179 187 0.000187234
179 297 0.000164361
179 299 0.000201048
180 74 0.000256722
180 75 0.000218828
180 143 0.000266406
180 149 0.000235475
180 180 0.00120544
180 318 0.000228012
181 118 0.000257578
181 143 0.00025909
181 149 0.000260372
181 181 0.00150438
181 305 0.00023424
181 361 0.000252562
181 416 0.000240537
182 139 0.00037699
182 148 0.000284375
182 152 0.000259496
182 153 0.000364946
182 182 0.00209811
182 254 0.000259688
182 280 0.00025866
182 362 0.000293961
183 130 0.00035081
183 183 0.00221929
183 222 0.000282725
183 226 0.000330325
183 308 0.000230915
183 328 0.000265444
183 350 0.000390528
183 489 0.000368541
184 52 0.000346105
184 53 0.000271546
184 54 0.000307725
184 101 0.000343519
184 184 0.00231708
184 299 0.000380054
184 480 0.000333721
184 698 0.000334405
185 147 0.00025243
185 185 0.0012444
185 281 0.000230707
185 350 0.000230958
185 404 0.000259184
185 505 0.000271123
186 87 0.00024868
186 88 0.000285331
186 146 0.000275179
186 186 0.00166631
186 244 0.000239665
186 248 0.000205625
186 331 0.000210279
186 429 0.000201554
187 51 0.00022547
187 100 0.000239099
187 179 0.000187234
187 187 0.0013985
187 274 0.000295628
187 297 0.000178152
187 367 0.000272917
188 90 0.000311457
188 91 0.000319439
188 188 0.00217207
188 301 0.000253854
188 358 0.000238068
188 389 0.000304495
188 504 0.000207977
188 519 0.000304764
188 627 0.000232015
189 189 0.00151304
189 274 0.000332241
189 312 0.000325482
189 447 0.000300725
189 508 0.000286795
189 624 0.000267797
190 108 0.000212691
190 159 0.000249618
190 190 0.00143627
190 191 0.0002117
190 257 0.000256815
190 302 0.000296933
190 369 0.000208509
191 64 0.000418104
191 102 0.000482378
191 108 0.000249113
191 145 0.000330959
191 190 0.0002117
191 191 0.00192153
191 369 0.000229272
192 56 0.000350884
192 57 0.000356239
192 192 0.00231552
192 224 0.000338114
192 270 0.000364472
192 363 0.000263807
192 370 0.000348916
192 484 0.000293091
193 193 0.0015227
193 471 0.000317387
193 509 0.000221424
193 629 0.000277981
193 713 0.000193601
193 737 0.000289766
193 844 0.000222536
194 194 0.00155282
194 321 0.000268692
194 326 0.000297239
194 410 0.000202234
194 451 0.000244908
194 485 0.000234263
194 568 0.000305483
195 195 0.0018264
195 200 0.000307201
195 201 0.000256547
195 289 0.000368348
195 376 0.000288306
195 512 0.000377431
195 631 0.00022857
196 59 0.000231337
196 60 0.0003052
196 172 0.000201661
196 196 0.00173693
196 289 0.000374862
196 375 0.000262267
196 512 0.000361605
197 142 0.000367013
197 197 0.00263956
197 221 0.000381321
197 293 0.000358449
197 306 0.000354443
197 470 0.000260622
197 510 0.000346268
197 563 0.000304774
197 699 0.000266676
198 198 0.00217758
198 307 0.000294005
198 569 0.000236971
198 570 0.000319206
198 652 0.000279801
198 773 0.000315309
198 811 0.000195778
198 842 0.000202522
198 985 0.000333988
199 25 0.000220502
199 126 0.000210052
199 133 0.000264148
199 141 0.000128559
199 199 0.00120552
199 237 0.000160179
199 275 0.000222079
200 102 0.000330763
200 104 0.000204577
200 105 0.000224901
200 195 0.000307201
200 200 0.00168508
200 201 0.000331237
200 289 0.000286402
201 102 0.000405173
201 195 0.000256547
201 200 0.000331237
201 201 0.00181606
201 374 0.000354202
201 381 0.000246309
201 631 0.00022259
202 202 0.00182922
202 315 0.000360808
202 328 0.000272306
202 337 0.000320168
202 438 0.000281497
202 489 0.00032414
202 589 0.000270303
203 203 0.00135873
203 558 0.000270434
203 697 0.000202937
203 716 0.000237304
203 735 0.000205994
203 768 0.00021819
203 776 0.000223869
204 43 0.000313974
204 44 0.000295348
204 204 0.00174436
204 205 0.000276666
204 385 0.000268659
204 387 0.000300167
204 595 0.000289548
205 170 0.000247519
205 204 0.000276666
205 205 0.0015621
205 296 0.000269455
205 360 0.000256863
205 385 0.00024715
205 595 0.000264443
206 20 0.000389626
206 21 0.000334312
206 22 0.000397764
206 150 0.000413068
206 153 0.000332363
206 206 0.00257121
206 252 0.00018204
206 310 0.000316172
206 323 0.000205859
207 42 0.000174375
207 43 0.000179683
207 111 0.000185627
207 207 0.00073062
207 387 0.000190935
208 92 0.000218815
208 137 0.000269073
208 138 0.000211886
208 208 0.00119159
208 389 0.00022297
208 519 0.000268844
209 209 0.00244106
209 675 0.000394692
209 780 0.000431842
209 883 0.000242496
209 896 0.000383155
209 948 0.000326505
209 954 0.000278908
209 975 0.000383463
210 12 0.000307513
210 13 0.000366235
210 210 0.00193112
210 211 0.000288779
210 260 0.000389068
210 278 0.000310545
210 313 0.000268979
211 11 0.000251998
211 12 0.000294175
211 160 0.000231155
211 210 0.000288779
211 211 0.00159474
211 313 0.000272038
211 441 0.000256591
212 212 0.00145948
212 419 0.000265806
212 469 0.000343176
212 522 0.000290468
212 636 0.000248534
212 657 0.000311494
213 213 0.00135489
213 516 0.000260586
213 684 0.000250625
213 702 0.00020859
213 840 0.000209781
213 847 0.000218227
213 890 0.000207076
214 214 0.00221181
214 742 0.000292237
214 775 0.000259082
214 777 0.00027721
214 841 0.000270936
214 891 0.00026552
214 921 0.00026852
214 964 0.00028432
214 1013 0.00029398
215 156 0.000294275
215 215 0.00163456
215 241 0.000309872
215 259 0.00025622
215 398 0.000251188
215 442 0.000287674
215 457 0.00023533
216 109 0.000332108
216 110 0.000226098
216 111 0.000326918
216 155 0.000247
216 157 0.000257638
216 216 0.00160003
216 401 0.00021027
217 217 0.00266697
217 477 0.000402047
217 580 0.000421026
217 644 0.000393691
217 700 0.000357683
217 718 0.000303579
217 722 0.000308641
217 729 0.000234166
217 970 0.000246133
218 38 0.000189978
218 39 0.000198446
218 110 0.000209677
218 113 0.000191892
218 218 0.000993369
218 227 0.000203376
219 77 0.000353717
219 219 0.00167129
219 230 0.000282203
219 236 0.000249486
219 318 0.000303957
219 373 0.000237837
219 417 0.000244091
220 130 0.000281969
220 132 0.000274552
220 161 0.000228676
220 220 0.00143104
220 223 0.000208213
220 281 0.000232753
220 402 0.000204873
221 84 0.000372777
221 85 0.000349061
221 131 0.000297256
221 197 0.000381321
221 221 0.00241149
221 293 0.000349849
221 306 0.000315702
221 320 0.000345521
222 35 0.000285539
222 115 0.000230285
222 116 0.000265439
222 183 0.000282725
222 222 0.0015569
222 226 0.000260963
222 308 0.000231949
223 30 0.000342795
223 120 0.000352689
223 161 0.000249641
223 220 0.000208213
223 223 0.00165004
223 402 0.000222691
223 528 0.000274013
224 57 0.000313638
224 58 0.000229814
224 172 0.000190499
224 192 0.000338114
224 224 0.00157622
224 270 0.000283972
224 375 0.000220181
225 225 0.00226265
225 488 0.000237377
225 560 0.000362783
225 704 0.000288341
225 712 0.000325765
225 744 0.00040371
225 835 0.000242725
225 839 0.000401947
226 33 0.000309953
226 115 0.000230116
226 130 0.000340247
226 132 0.000350722
226 183 0.000330325
226 222 0.000260963
226 226 0.00182233
227 110 0.000212922
227 113 0.000250325
227 218 0.000203376
227 227 0.00142538
227 239 0.000302186
227 401 0.00020713
227 439 0.000249444
228 127 0.000277573
228 128 0.000274299
228 228 0.00153391
228 231 0.000250781
228 408 0.000279697
228 410 0.000212957
228 485 0.000238599
229 82 0.000241976
229 123 0.00024147
229 127 0.000248133
229 229 0.00120349
229 403 0.000253533
229 656 0.000218374
230 77 0.000275387
230 78 0.000218612
230 79 0.000315804
230 121 0.000344465
230 219 0.000282203
230 230 0.00169056
230 417 0.000254088
231 228 0.000250781
231 231 0.00160968
231 304 0.000217038
231 408 0.000275929
231 410 0.000215496
231 451 0.000229524
231 476 0.000189358
231 658 0.000231556
232 163 0.000214807
232 232 0.00183425
232 262 0.000254918
232 340 0.000246035
232 411 0.00019513
232 453 0.000266802
232 486 0.000241094
232 531 0.000225985
232 661 0.000189482
233 233 0.00165197
233 415 0.000296166
233 524 0.000287182
233 534 0.00025985
233 585 0.00025372
233 749 0.000276101
233 871 0.000278955
234 234 0.00178476
234 324 0.000287572
234 325 0.000275465
234 380 0.000262095
234 414 0.000259926
234 452 0.00022133
234 533 0.00023977
234 552 0.000238607
235 120 0.000423392
235 122 0.000452356
235 125 0.000425483
235 235 0.00299179
235 324 0.000449958
235 364 0.000408946
235 528 0.000428586
235 586 0.00040307
236 219 0.000249486
236 236 0.00190356
236 321 0.000294566
236 326 0.000315995
236 373 0.000238698
236 416 0.000255872
236 417 0.000258709
236 450 0.000290233
237 26 0.000168025
237 27 0.000283176
237 122 0.000297112
237 126 0.000233087
237 141 0.000109052
237 199 0.000160179
237 237 0.00125063
238 238 0.00187161
238 503 0.000292597
238 582 0.000278939
238 596 0.000256451
238 669 0.000279181
238 760 0.000226277
238 825 0.000290788
238 1008 0.000247379
239 113 0.000325175
239 227 0.000302186
239 239 0.00227719
239 255 0.000297912
239 298 0.000374313
239 438 0.000303951
239 439 0.000307037
239 589 0.00036662
240 240 0.00116294
240 329 0.000165212
240 533 0.00020665
240 601 0.000173177
240 650 0.000243082
240 664 0.000208322
240 871 0.000166499
241 95 0.000345519
241 96 0.000303655
241 97 0.000345571
241 156 0.00037328
241 215 0.000309872
241 241 0.00249308
241 279 0.00024558
241 421 0.000336901
241 457 0.000232705
242 22 0.000353529
242 23 0.000286528
242 24 0.000331518
242 133 0.000315685
242 150 0.000384746
242 242 0.00222616
242 412 0.000252803
242 478 0.000301347
243 243 0.00315036
243 538 0.00041791
243 584 0.000341426
243 612 0.00034341
243 681 0.000424575
243 694 0.000472434
243 765 0.000465783
243 829 0.000348419
243 858 0.000336405
244 146 0.000244086
244 186 0.000239665
244 244 0.00140388
244 331 0.0002009
244 366 0.000256955
244 626 0.000222347
244 627 0.00023993
245 245 0.00196465
245 592 0.00038721
245 711 0.000304422
245 730 0.000345272
245 864 0.000332631
245 874 0.000283458
245 917 0.000311657
246 246 0.00106717
246 341 0.000223689
246 437 0.000172715
246 594 0.000164623
246 687 0.000196246
246 689 0.000161566
246 866 0.000148328
247 109 0.000367233
247 247 0.00211829
247 309 0.000394231
247 334 0.000242025
247 355 0.000311943
247 386 0.000160608
247 428 0.00042643
247 639 0.000215816
248 86 0.000192828
248 87 0.00020564
248 131 0.000182748
248 186 0.000205625
248 248 0.000974813
248 429 0.000187973
249 249 0.00103238
249 542 0.000208313
249 554 0.00017148
249 588 0.000242044
249 859 0.00021721
249 907 0.000193332
250 250 0.00169459
250 460 0.000285056
250 483 0.00028986
250 515 0.000284116
250 544 0.000290062
250 599 0.000273114
250 715 0.000272377
251 251 0.00185193
251 315 0.00029756
251 337 0.000315719
251 339 0.000304701
251 545 0.00035424
251 576 0.000256007
251 683 0.000323706
252 139 0.000172637
252 153 0.000213497
252 206 0.00018204
252 252 0.000709354
252 323 0.00014118
253 253 0.00127107
253 396 0.000251572
253 435 0.000281931
253 437 0.000237668
253 500 0.000159488
253 623 0.000146295
253 996 0.000194116
254 182 0.000259688
254 254 0.00148312
254 280 0.000240479
254 349 0.000235415
254 362 0.000248364
254 602 0.000246456
254 686 0.000252716
255 239 0.000297912
255 255 0.00174928
255 337 0.000302088
255 407 0.000274638
255 438 0.000278431
255 439 0.000294049
255 600 0.000302158
256 93 0.000242793
256 94 0.000281401
256 137 0.000285817
256 138 0.00024076
256 156 0.000259478
256 256 0.00157618
256 398 0.000265927
257 164 0.00025969
257 190 0.000256815
257 257 0.00165342
257 302 0.000312244
257 348 0.000305697
257 369 0.000208771
257 662 0.000310207
258 258 0.00166471
258 265 0.000311519
258 441 0.000271988
258 446 0.000262053
258 541 0.000194069
258 690 0.000216655
258 696 0.000187568
258 804 0.000220857
259 215 0.00025622
259 259 0.00152517
259 442 0.000281475
259 445 0.000251143
259 457 0.000205573
259 733 0.00027554
259 751 0.000255225
260 13 0.000394545
260 14 0.000369839
260 15 0.000499904
260 154 0.000520805
260 210 0.000389068
260 260 0.00306056
260 278 0.000299511
260 443 0.000336317
260 548 0.000250566
261 8 0.000257979
261 9 0.000244383
261 10 0.000339579
261 261 0.00193372
261 265 0.000368218
261 266 0.000245241
261 446 0.000261214
261 691 0.000217103
262 68 0.000220402
262 69 0.000215331
262 106 0.000195018
262 163 0.00021008
262 232 0.000254918
262 262 0.00133053
262 340 0.000234785
263 166 0.000264484
263 263 0.0012505
263 267 0.000234974
263 344 0.000232612
263 456 0.00026921
263 549 0.000249218
264 2 0.000292922
264 3 0.000239182
264 171 0.000286924
264 264 0.00137925
264 288 0.000337609
264 290 0.000222614
265 10 0.000356363
265 160 0.000270866
265 258 0.000311519
265 261 0.000368218
265 265 0.00190121
265 441 0.0002901
265 446 0.000304139
266 7 0.000272855
266 8 0.000261113
266 174 0.000254182
266 261 0.000245241
266 266 0.00139084
266 440 0.000177322
266 691 0.000180123
267 134 0.000213858
267 166 0.000270114
267 169 0.000275192
267 263 0.000234974
267 267 0.00144805
267 344 0.000217862
267 448 0.000236047
268 46 0.000263187
268 47 0.00025739
268 268 0.00133448
268 312 0.000274568
268 447 0.000280069
268 621 0.000259268
269 171 0.000353217
269 269 0.00230925
269 286 0.000362266
269 379 0.000342663
269 449 0.000315258
269 514 0.000272847
269 550 0.000384408
269 1001 0.00027859
270 129 0.000267905
270 192 0.000364472
270 224 0.000283972
270 270 0.00172567
270 370 0.000364532
270 375 0.000230455
270 406 0.000214329
271 5 0.000247302
271 6 0.000284648
271 173 0.000274238
271 174 0.000288267
271 177 0.000280768
271 271 0.00163267
271 272 0.000257452
272 174 0.000253285
272 177 0.000277293
272 271 0.000257452
272 272 0.00130918
272 346 0.000271812
272 688 0.000249343
273 273 0.00202889
273 422 0.000253107
273 501 0.0002792
273 530 0.0003247
273 551 0.000316345
273 568 0.000358967
273 610 0.000264307
273 875 0.000232263
274 48 0.000374774
274 49 0.000311357
274 100 0.000262024
274 187 0.000295628
274 189 0.000332241
274 274 0.00267659
274 312 0.000375746
274 367 0.000369257
274 508 0.000355565
275 126 0.000201725
275 133 0.000200424
275 199 0.000222079
275 275 0.00117791
275 380 0.000198975
275 552 0.000186806
275 666 0.000167902
276 276 0.000857494
276 603 0.000159143
276 705 0.00016318
276 783 0.000191392
276 861 0.000182868
276 872 0.000160913
277 70 0.000303874
277 71 0.000361681
277 151 0.000372837
277 277 0.00186436
277 453 0.000255468
277 455 0.0003232
277 531 0.000247298
278 136 0.000199255
278 210 0.000310545
278 260 0.000299511
278 278 0.00140042
278 313 0.000245717
278 426 0.000154981
278 548 0.000190408
279 241 0.00024558
279 279 0.00115804
279 421 0.000275
279 445 0.000201962
279 456 0.000251557
279 457 0.00018394
280 152 0.000262748
280 158 0.000272958
280 182 0.00025866
280 254 0.000240479
280 280 0.00128288
280 349 0.000248038
281 130 0.00027066
281 185 0.000230707
281 220 0.000232753
281 281 0.0014426
281 350 0.000248563
281 402 0.000219932
281 404 0.000239984
282 282 0.00147412
282 455 0.000285912
282 553 0.000211548
282 555 0.00022418
282 583 0.000239599
282 695 0.000281494
282 745 0.000231386
283 145 0.000394499
283 164 0.000345659
283 283 0.00244232
283 330 0.000315011
283 352 0.000318332
283 374 0.000346665
283 490 0.000255463
283 511 0.000213825
283 556 0.000252867
284 0 0.000305413
284 165 0.000329389
284 166 0.000303612
284 167 0.000214366
284 169 0.000250522
284 284 0.00158855
284 354 0.000185251
285 285 0.00226945
285 341 0.000412999
285 425 0.00035884
285 461 0.000440122
285 614 0.000233737
285 677 0.000279439
285 865 0.000249561
285 867 0.00029475
286 171 0.000369743
286 269 0.000362266
286 286 0.00174189
286 288 0.000356433
286 465 0.000315306
286 550 0.000338144
287 287 0.00185213
287 427 0.00028007
287 463 0.00025506
287 464 0.000213817
287 472 0.000360222
287 517 0.000135227
287 616 0.000216798
287 716 0.00016713
287 932 0.000223805
288 1 0.000350977
288 2 0.000361047
288 167 0.000261976
288 171 0.000367464
288 264 0.000337609
288 286 0.000356433
288 288 0.00257929
288 354 0.000244627
288 465 0.00029916
289 60 0.000332137
289 61 0.00027988
289 104 0.000240898
289 195 0.000368348
289 196 0.000374862
289 200 0.000286402
289 289 0.00228741
289 512 0.000404883
290 3 0.000244255
290 171 0.00026764
290 173 0.000256886
290 177 0.000277217
290 264 0.000222614
290 290 0.00126861
291 291 0.00102426
291 370 0.00020427
291 559 0.000165289
291 618 0.000198762
291 724 0.000229528
291 850 0.000226406
292 292 0.00109703
292 365 0.000217895
292 506 0.000221776
292 561 0.000206021
292 620 0.000232112
292 897 0.00021923
293 197 0.000358449
293 221 0.000349849
293 293 0.00166895
293 320 0.000318108
293 403 0.000321636
293 563 0.000320906
294 142 0.000236275
294 294 0.0011309
294 510 0.000235785
294 564 0.000227238
294 626 0.000216661
294 633 0.000214947
295 178 0.000291351
295 295 0.00192301
295 296 0.000361413
295 359 0.000235647
295 393 0.000253618
295 472 0.000364445
295 615 0.000416536
296 170 0.000284063
296 178 0.000288496
296 205 0.000269455
296 295 0.000361413
296 296 0.00205668
296 360 0.000257552
296 368 0.000243324
296 615 0.000352373
297 175 0.000245816
297 179 0.000164361
297 187 0.000178152
297 297 0.00101232
297 299 0.000203939
297 367 0.000220054
298 36 0.000311371
298 37 0.000301709
298 113 0.000321094
298 116 0.000327897
298 239 0.000374313
298 298 0.00200784
298 589 0.000371454
299 52 0.000328607
299 175 0.000290181
299 179 0.000201048
299 184 0.000380054
299 297 0.000203939
299 299 0.00174257
299 480 0.000338737
300 147 0.000322675
300 300 0.0018405
300 434 0.000327509
300 474 0.000335076
300 505 0.000318123
300 785 0.000267049
300 889 0.000270064
301 89 0.00020545
301 90 0.000241281
301 146 0.000195403
301 188 0.000253854
301 301 0.00111153
301 627 0.000215545
302 67 0.000335236
302 106 0.000262724
302 159 0.000333585
302 190 0.000296933
302 257 0.000312244
302 302 0.00210276
302 340 0.000262638
302 662 0.000299399
303 303 0.00240742
303 475 0.000323302
303 547 0.000333006
303 606 0.000318588
303 640 0.000356326
303 714 0.000366852
303 809 0.000293996
303 873 0.000415346
304 231 0.000217038
304 304 0.00124168
304 451 0.000218628
304 476 0.000164197
304 659 0.000187289
304 692 0.000216511
304 794 0.000238013
305 143 0.000222821
305 181 0.00023424
305 305 0.00113818
305 361 0.000246153
305 459 0.000204242
305 695 0.000230722
306 131 0.000231638
306 142 0.000286342
306 197 0.000354443
306 221 0.000315702
306 306 0.00140768
306 429 0.000219555
307 198 0.000294005
307 307 0.00140259
307 569 0.000246423
307 579 0.000264059
307 789 0.000289441
307 985 0.000308658
308 116 0.000236533
308 183 0.000230915
308 222 0.000231949
308 308 0.0011444
308 328 0.000212321
308 589 0.000232683
309 247 0.000394231
309 309 0.00196455
309 355 0.000293598
309 428 0.000385702
309 616 0.000223825
309 682 0.000265816
309 915 0.000197877
309 932 0.000203504
310 150 0.000351712
310 206 0.000316172
310 310 0.00190423
310 323 0.000217154
310 478 0.000315418
310 534 0.000272808
310 572 0.000194607
310 585 0.000236356
311 311 0.00134682
311 720 0.000268695
311 727 0.000246673
311 797 0.000290433
311 823 0.00030046
311 849 0.000240562
312 47 0.000273943
312 48 0.000356704
312 189 0.000325482
312 268 0.000274568
312 274 0.000375746
312 312 0.00191351
312 447 0.000307065
313 136 0.000204678
313 210 0.000268979
313 211 0.000272038
313 278 0.000245717
313 313 0.00141645
313 441 0.000234568
313 546 0.00019047
314 314 0.00106121
314 356 0.000211543
314 480 0.000209295
314 617 0.000209398
314 618 0.000217946
314 698 0.000213031
315 202 0.000360808
315 251 0.00029756
315 315 0.00192947
315 337 0.000347446
315 474 0.000306367
315 489 0.000364867
315 576 0.000252422
316 316 0.00284146
316 739 0.000335574
316 793 0.000373231
316 818 0.000223166
316 846 0.000334158
316 853 0.00034165
316 947 0.000339893
316 976 0.000287213
316 982 0.00035462
316 1016 0.000251952
317 317 0.00153136
317 579 0.000309822
317 779 0.000284946
317 789 0.000291673
317 810 0.000327772
317 877 0.000317151
318 75 0.000222286
318 76 0.00022511
318 77 0.000300671
318 149 0.000226556
318 180 0.000228012
318 219 0.000303957
318 318 0.00173229
318 373 0.000225702
319 319 0.001759
319 597 0.000314731
319 598 0.000326673
319 706 0.000200939
319 868 0.000211787
319 870 0.000253858
319 950 0.000247548
319 1018 0.000203464
320 83 0.000272383
320 84 0.000346503
320 221 0.000345521
320 293 0.000318108
320 320 0.00185164
320 403 0.000307916
320 656 0.000261209
